"x"
0
1
1
1
1
1
1
0.964285714285714
0.944444444444444
0.911111111111111
0.890909090909091
0.848484848484849
0.82051282051282
0.78021978021978
0.742857142857143
0.708333333333333
0.676470588235294
0.65359477124183
0.631578947368421
0.605263157894737
0.576190476190476
0.54978354978355
0.529644268774704
0.510869565217391
0.496666666666667
0.483076923076923
0.464387464387464
0.44973544973545
0.435960591133005
0.420689655172414
0.406451612903226
0.393145161290323
0.380681818181818
0.368983957219251
0.357983193277311
0.347619047619048
0.337837837837838
0.328591749644381
0.318488529014845
0.308974358974359
0.3
0.292682926829268
0.286821705426357
0.282241014799154
0.276955602536998
0.244186046511628
0.232558139534884
0.228329809725159
0.22938689217759
0.223044397463002
0.225158562367865
0.221987315010571
0.225158562367865
0.225158562367865
0.238900634249471
0.250528541226216
0.26215644820296
0.267441860465116
0.283298097251586
0.300211416490486
0.315010570824524
0.33615221987315
0.357293868921776
0.380549682875264
0.39323467230444
0.408033826638478
0.429175475687104
0.450317124735729
0.472515856236786
0.498942917547569
0.520084566596195
0.546511627906977
0.554968287526427
0.580338266384778
0.581395348837209
0.608879492600423
0.637420718816068
0.66384778012685
0.693446088794926
0.723044397463002
0.75369978858351
0.787526427061311
0.819238900634249
0.808668076109937
0.79492600422833
0.798097251585624
0.788583509513742
0.790697674418605
0.791754756871036
0.806553911205074
0.79492600422833
0.79492600422833
0.801268498942918
0.790697674418605
0.785412262156448
0.773784355179704
0.76215644820296
0.774841437632135
0.789640591966173
0.773784355179704
0.758985200845666
0.747357293868922
0.741014799154334
0.738900634249471
0.736786469344609
0.734672304439746
0.719873150105708
0.730443974630021
0.718816067653277
0.707188160676533
0.721987315010571
0.724101479915433
0.723044397463002
0.706131078224101
0.670190274841438
0.643763213530655
0.62262156448203
0.591966173361522
0.585623678646934
0.559196617336152
0.534883720930233
0.517970401691332
0.503171247357294
0.485200845665962
0.480972515856237
0.469344608879493
0.455602536997886
0.439746300211416
0.422832980972516
0.41014799154334
0.411205073995772
0.395348837209302
0.383720930232558
0.387949260042283
0.386892177589852
0.37737843551797
0.363636363636364
0.36046511627907
0.356236786469345
0.355179704016913
0.346723044397463
0.349894291754757
0.359408033826638
0.369978858350951
0.37737843551797
0.381606765327696
0.371035940803383
0.382663847780127
0.384778012684989
0.382663847780127
0.394291754756871
0.390063424947146
0.384778012684989
0.382663847780127
0.395348837209302
0.386892177589852
0.382663847780127
0.364693446088795
0.359408033826638
0.353065539112051
0.337209302325581
0.33615221987315
0.324524312896406
0.313953488372093
0.295983086680761
0.297040169133192
0.287526427061311
0.27906976744186
0.273784355179704
0.263213530655391
0.251585623678647
0.25369978858351
0.257928118393235
0.255813953488372
0.256871035940803
0.250528541226216
0.23784355179704
0.235729386892178
0.225158562367865
0.223044397463002
0.211416490486258
0.214587737843552
0.214587737843552
0.210359408033827
0.20507399577167
0.201902748414376
0.206131078224101
0.202959830866808
0.201902748414376
0.201902748414376
0.204016913319239
0.19661733615222
0.197674418604651
0.195560253699789
0.191331923890063
0.19661733615222
0.19661733615222
0.192389006342495
0.187103594080338
0.174418604651163
0.164904862579281
0.159619450317125
0.152219873150106
0.149048625792812
0.144820295983087
0.145877378435518
0.145877378435518
0.144820295983087
0.143763213530655
0.143763213530655
0.152219873150106
0.158562367864693
0.165961945031712
0.168076109936575
0.1723044397463
0.182875264270613
0.193446088794926
0.198731501057082
0.201902748414376
0.210359408033827
0.216701902748414
0.230443974630021
0.244186046511628
0.252642706131078
0.258985200845666
0.264270613107822
0.266384778012685
0.266384778012685
0.263213530655391
0.245243128964059
0.24630021141649
0.238900634249471
0.23784355179704
0.228329809725159
0.225158562367865
0.221987315010571
0.224101479915433
0.234672304439746
0.223044397463002
0.206131078224101
0.218816067653277
0.215644820295983
0.226215644820296
0.231501057082452
0.22938689217759
0.239957716701903
0.238900634249471
0.234672304439746
0.245243128964059
0.242071881606765
0.242071881606765
0.236786469344609
0.239957716701903
0.233615221987315
0.223044397463002
0.217758985200846
0.217758985200846
0.210359408033827
0.204016913319239
0.204016913319239
0.201902748414376
0.199788583509514
0.20507399577167
0.206131078224101
0.214587737843552
0.207188160676533
0.207188160676533
0.204016913319239
0.195560253699789
0.177589852008457
0.177589852008457
0.1723044397463
0.183932346723044
0.192389006342495
0.202959830866808
0.214587737843552
0.217758985200846
0.221987315010571
0.231501057082452
0.238900634249471
0.239957716701903
0.213530655391121
0.19661733615222
0.194503171247357
0.191331923890063
0.200845665961945
0.197674418604651
0.195560253699789
0.197674418604651
0.197674418604651
0.193446088794926
0.194503171247357
0.200845665961945
0.181818181818182
0.169133192389006
0.165961945031712
0.161733615221987
0.147991543340381
0.130021141649049
0.120507399577167
0.119450317124736
0.118393234672304
0.103594080338266
0.0951374207188161
0.0919661733615222
0.087737843551797
0.0887949260042283
0.0887949260042283
0.0930232558139535
0.0845665961945032
0.080338266384778
0.0771670190274841
0.072938689217759
0.0771670190274841
0.0750528541226216
0.0750528541226216
0.0761099365750529
0.0750528541226216
0.0750528541226216
0.0750528541226216
0.0771670190274841
0.0761099365750529
0.0771670190274841
0.0792811839323467
0.0792811839323467
0.0750528541226216
0.0718816067653277
0.0697674418604651
0.0718816067653277
0.0697674418604651
0.072938689217759
0.0739957716701903
0.0739957716701903
0.0761099365750529
0.080338266384778
0.0824524312896406
0.0835095137420719
0.087737843551797
0.087737843551797
0.0792811839323467
0.080338266384778
0.0813953488372093
0.0750528541226216
0.0750528541226216
0.0771670190274841
0.0792811839323467
0.0792811839323467
0.0866807610993657
0.087737843551797
0.0909090909090909
0.0909090909090909
0.0898520084566596
0.0898520084566596
0.0909090909090909
0.0909090909090909
0.0845665961945032
0.0845665961945032
0.0856236786469345
0.0845665961945032
0.0813953488372093
0.0845665961945032
0.0835095137420719
0.0813953488372093
0.0845665961945032
0.0792811839323467
0.0792811839323467
0.0761099365750529
0.0697674418604651
0.0676532769556025
0.0676532769556025
0.0687103594080338
0.0665961945031713
0.0687103594080338
0.0708245243128964
0.0687103594080338
0.0687103594080338
0.0613107822410148
0.0602536997885835
0.0560253699788584
0.0539112050739958
0.0528541226215645
0.0528541226215645
0.0496828752642706
0.0517970401691332
0.047568710359408
0.047568710359408
0.0465116279069767
0.0465116279069767
0.0443974630021142
0.0443974630021142
0.0465116279069767
0.0443974630021142
0.0433403805496829
0.0465116279069767
0.0496828752642706
0.0496828752642706
0.0496828752642706
0.0507399577167019
0.0539112050739958
0.0539112050739958
0.0517970401691332
0.0528541226215645
0.0517970401691332
0.0517970401691332
0.0560253699788584
0.0507399577167019
0.0496828752642706
0.0496828752642706
0.0486257928118393
0.0496828752642706
0.0454545454545455
0.0422832980972516
0.0443974630021142
0.0433403805496829
0.0433403805496829
0.0454545454545455
0.0443974630021142
0.0433403805496829
0.0412262156448203
0.0412262156448203
0.0412262156448203
0.0422832980972516
0.0433403805496829
0.0443974630021142
0.0412262156448203
0.0422832980972516
0.040169133192389
0.0422832980972516
0.0412262156448203
0.040169133192389
0.040169133192389
0.040169133192389
0.040169133192389
0.0380549682875264
0.0348837209302326
0.03276955602537
0.03276955602537
0.03276955602537
0.03276955602537
0.0274841437632135
0.0306553911205074
0.03276955602537
0.0338266384778013
0.03276955602537
0.0274841437632135
0.0243128964059197
0.0232558139534884
0.0243128964059197
0.0221987315010571
0.0232558139534884
0.0243128964059197
0.0243128964059197
0.0243128964059197
0.025369978858351
0.025369978858351
0.0264270613107822
0.0243128964059197
0.0243128964059197
0.0232558139534884
0.0264270613107822
0.0306553911205074
0.0359408033826638
0.0433403805496829
0.0507399577167019
0.0602536997885835
0.0708245243128964
0.0813953488372093
0.0930232558139535
0.105708245243129
0.117336152219873
0.132135306553911
0.142706131078224
0.157505285412262
0.174418604651163
0.191331923890063
0.211416490486258
0.231501057082452
0.252642706131078
0.275898520084567
0.299154334038055
0.312896405919662
0.335095137420719
0.36046511627907
0.387949260042283
0.415433403805497
0.443974630021142
0.473572938689218
0.503171247357294
0.533826638477801
0.566596194503171
0.59830866807611
0.632135306553911
0.664904862579281
0.697674418604651
0.731501057082452
0.766384778012685
0.801268498942918
0.835095137420719
0.872093023255814
0.908033826638478
0.90169133192389
0.892177589852008
0.883720930232558
0.874207188160677
0.874207188160677
0.871035940803383
0.86892177589852
0.858350951374207
0.845665961945032
0.834038054968288
0.821353065539112
0.808668076109937
0.800211416490486
0.782241014799154
0.766384778012685
0.755813953488372
0.747357293868922
0.73784355179704
0.726215644820296
0.71353065539112
0.69661733615222
0.687103594080338
0.673361522198731
0.664904862579281
0.653276955602537
0.640591966173362
0.630021141649049
0.619450317124736
0.609936575052854
0.600422832980973
0.584566596194503
0.576109936575053
0.571881606765328
0.568710359408034
0.558139534883721
0.559196617336152
0.562367864693446
0.550739957716702
0.544397463002114
0.534883720930233
0.520084566596195
0.513742071881607
0.520084566596195
0.513742071881607
0.507399577167019
0.504228329809725
0.504228329809725
0.520084566596195
0.52431289640592
0.530655391120507
0.539112050739958
0.533826638477801
0.536997885835095
0.526427061310782
0.50845665961945
0.5
0.510570824524313
0.502114164904863
0.505285412262156
0.504228329809725
0.509513742071882
0.506342494714588
0.505285412262156
0.501057082452431
0.488372093023256
0.489429175475687
0.505285412262156
0.526427061310782
0.530655391120507
0.542283298097252
0.529598308668076
0.52431289640592
0.509513742071882
0.504228329809725
0.493657505285412
0.492600422832981
0.487315010570825
0.454545454545455
0.469344608879493
0.459830866807611
0.464059196617336
0.461945031712474
0.453488372093023
0.466173361522199
0.476744186046512
0.456659619450317
0.436575052854123
0.42600422832981
0.432346723044397
0.429175475687104
0.403805496828753
0.404862579281184
0.400634249471459
0.385835095137421
0.381606765327696
0.366807610993657
0.350951374207188
0.343551797040169
0.348837209302326
0.325581395348837
0.321353065539112
0.319238900634249
0.290697674418605
0.280126849894292
0.26215644820296
0.257928118393235
0.250528541226216
0.24630021141649
0.236786469344609
0.224101479915433
0.215644820295983
0.19661733615222
0.191331923890063
0.187103594080338
0.180761099365751
0.175475687103594
0.176532769556025
0.169133192389006
0.160676532769556
0.162790697674419
0.160676532769556
0.168076109936575
0.162790697674419
0.164904862579281
0.167019027484144
0.173361522198731
0.180761099365751
0.16384778012685
0.167019027484144
0.158562367864693
0.146934460887949
0.145877378435518
0.144820295983087
0.147991543340381
0.156448202959831
0.158562367864693
0.162790697674419
0.165961945031712
0.1723044397463
0.1723044397463
0.164904862579281
0.1553911205074
0.151162790697674
0.150105708245243
0.151162790697674
0.153276955602537
0.159619450317125
0.167019027484144
0.165961945031712
0.1723044397463
0.179704016913319
0.184989429175476
0.173361522198731
0.171247357293869
0.162790697674419
0.154334038054968
0.145877378435518
0.145877378435518
0.141649048625793
0.138477801268499
0.137420718816068
0.143763213530655
0.147991543340381
0.151162790697674
0.1553911205074
0.150105708245243
0.147991543340381
0.13953488372093
0.141649048625793
0.13107822410148
0.128964059196617
0.13107822410148
0.134249471458774
0.134249471458774
0.135306553911205
0.13107822410148
0.132135306553911
0.135306553911205
0.12262156448203
0.115221987315011
0.110993657505285
0.105708245243129
0.102536997885835
0.100422832980973
0.102536997885835
0.109936575052854
0.112050739957717
0.118393234672304
0.12262156448203
0.130021141649049
0.141649048625793
0.153276955602537
0.16384778012685
0.177589852008457
0.193446088794926
0.211416490486258
0.230443974630021
0.250528541226216
0.27061310782241
0.291754756871036
0.313953488372093
0.337209302325581
0.362579281183932
0.385835095137421
0.41014799154334
0.437632135306554
0.466173361522199
0.493657505285412
0.523255813953488
0.554968287526427
0.586680761099366
0.620507399577167
0.653276955602537
0.667019027484144
0.698731501057082
0.730443974630021
0.76215644820296
0.800211416490486
0.834038054968288
0.871035940803383
0.906976744186046
0.915433403805497
0.911205073995772
0.917547568710359
0.918604651162791
0.927061310782241
0.957716701902748
0.956659619450317
0.953488372093023
0.948202959830867
0.941860465116279
0.938689217758985
0.936575052854123
0.948202959830867
0.954545454545455
0.947145877378435
0.941860465116279
0.936575052854123
0.929175475687104
0.919661733615222
0.911205073995772
0.906976744186046
0.899577167019027
0.892177589852008
0.885835095137421
0.878435517970402
0.872093023255814
0.86892177589852
0.871035940803383
0.861522198731501
0.856236786469345
0.847780126849894
0.841437632135307
0.831923890063425
0.8276955602537
0.815010570824524
0.806553911205074
0.804439746300211
0.800211416490486
0.788583509513742
0.78646934460888
0.775898520084567
0.766384778012685
0.765327695560254
0.758985200845666
0.751585623678647
0.748414376321353
0.73784355179704
0.741014799154334
0.74630021141649
0.738900634249471
0.743128964059197
0.73784355179704
0.726215644820296
0.714587737843552
0.706131078224101
0.694503171247357
0.677589852008457
0.670190274841438
0.680761099365751
0.669133192389006
0.6723044397463
0.679704016913319
0.678646934460888
0.670190274841438
0.664904862579281
0.6553911205074
0.645877378435518
0.635306553911205
0.626849894291755
0.607822410147992
0.594080338266385
0.58985200845666
0.583509513742072
0.568710359408034
0.572938689217759
0.576109936575053
0.581395348837209
0.593023255813954
0.600422832980973
0.578224101479915
0.576109936575053
0.558139534883721
0.549682875264271
0.546511627906977
0.55708245243129
0.548625792811839
0.552854122621565
0.543340380549683
0.542283298097252
0.552854122621565
0.559196617336152
0.558139534883721
0.559196617336152
0.561310782241015
0.554968287526427
0.547568710359408
0.547568710359408
0.566596194503171
0.570824524312896
0.569767441860465
0.57399577167019
0.58985200845666
0.568710359408034
0.553911205073996
0.533826638477801
0.521141649048626
0.523255813953488
0.511627906976744
0.505285412262156
0.517970401691332
0.517970401691332
0.509513742071882
0.509513742071882
0.52431289640592
0.531712473572939
0.517970401691332
0.521141649048626
0.515856236786469
0.506342494714588
0.5
0.506342494714588
0.509513742071882
0.504228329809725
0.516913319238901
0.5
0.514799154334038
0.510570824524313
0.493657505285412
0.47568710359408
0.451374207188161
0.435517970401691
0.428118393234672
0.421775898520085
0.417547568710359
0.397463002114165
0.391120507399577
0.372093023255814
0.369978858350951
0.374207188160677
0.376321353065539
0.374207188160677
0.362579281183932
0.363636363636364
0.352008456659619
0.3446088794926
0.340380549682875
0.3446088794926
0.3446088794926
0.339323467230444
0.339323467230444
0.323467230443975
0.312896405919662
0.301268498942918
0.29492600422833
0.284355179704017
0.288583509513742
0.283298097251586
0.278012684989429
0.272727272727273
0.267441860465116
0.261099365750529
0.252642706131078
0.256871035940803
0.249471458773784
0.250528541226216
0.25369978858351
0.245243128964059
0.24630021141649
0.245243128964059
0.24630021141649
0.247357293868922
0.249471458773784
0.239957716701903
0.22938689217759
0.232558139534884
0.233615221987315
0.226215644820296
0.232558139534884
0.224101479915433
0.22938689217759
0.230443974630021
0.225158562367865
0.22093023255814
0.211416490486258
0.20507399577167
0.201902748414376
0.197674418604651
0.195560253699789
0.189217758985201
0.18816067653277
0.192389006342495
0.192389006342495
0.190274841437632
0.18816067653277
0.193446088794926
0.191331923890063
0.192389006342495
0.186046511627907
0.182875264270613
0.173361522198731
0.164904862579281
0.164904862579281
0.162790697674419
0.170190274841438
0.178646934460888
0.176532769556025
0.171247357293869
0.178646934460888
0.181818181818182
0.182875264270613
0.184989429175476
0.186046511627907
0.181818181818182
0.175475687103594
0.173361522198731
0.167019027484144
0.158562367864693
0.1553911205074
0.147991543340381
0.143763213530655
0.147991543340381
0.138477801268499
0.141649048625793
0.138477801268499
0.137420718816068
0.140591966173362
0.141649048625793
0.138477801268499
0.141649048625793
0.13953488372093
0.134249471458774
0.132135306553911
0.130021141649049
0.123678646934461
0.12262156448203
0.120507399577167
0.121564482029598
0.12262156448203
0.116279069767442
0.115221987315011
0.10676532769556
0.10676532769556
0.105708245243129
0.105708245243129
0.10676532769556
0.112050739957717
0.110993657505285
0.113107822410148
0.109936575052854
0.104651162790698
0.0972515856236787
0.0972515856236787
0.0887949260042283
0.087737843551797
0.0782241014799154
0.0813953488372093
0.0782241014799154
0.0856236786469345
0.0951374207188161
0.0919661733615222
0.0993657505285412
0.0983086680761099
0.101479915433404
0.103594080338266
0.103594080338266
0.0983086680761099
0.0961945031712474
0.0919661733615222
0.0993657505285412
0.0951374207188161
0.0898520084566596
0.0898520084566596
0.0909090909090909
0.0940803382663848
0.100422832980973
0.0951374207188161
0.0898520084566596
0.0961945031712474
0.100422832980973
0.105708245243129
0.109936575052854
0.117336152219873
0.127906976744186
0.126849894291755
0.126849894291755
0.137420718816068
0.125792811839323
0.126849894291755
0.12262156448203
0.133192389006343
0.130021141649049
0.116279069767442
0.104651162790698
0.10676532769556
0.108879492600423
0.105708245243129
0.109936575052854
0.115221987315011
0.12262156448203
0.115221987315011
0.109936575052854
0.105708245243129
0.0961945031712474
0.100422832980973
0.0983086680761099
0.101479915433404
0.0993657505285412
0.101479915433404
0.101479915433404
0.110993657505285
0.117336152219873
0.124735729386892
0.126849894291755
0.137420718816068
0.144820295983087
0.153276955602537
0.16384778012685
0.1723044397463
0.180761099365751
0.192389006342495
0.20507399577167
0.211416490486258
0.221987315010571
0.232558139534884
0.245243128964059
0.260042283298097
0.273784355179704
0.290697674418605
0.308668076109937
0.324524312896406
0.341437632135307
0.357293868921776
0.374207188160677
0.391120507399577
0.396405919661734
0.394291754756871
0.396405919661734
0.409090909090909
0.419661733615222
0.429175475687104
0.445031712473573
0.440803382663848
0.450317124735729
0.461945031712474
0.482029598308668
0.478858350951374
0.498942917547569
0.517970401691332
0.533826638477801
0.551797040169133
0.570824524312896
0.588794926004228
0.597251585623679
0.585623678646934
0.593023255813954
0.593023255813954
0.572938689217759
0.550739957716702
0.552854122621565
0.551797040169133
0.546511627906977
0.542283298097252
0.523255813953488
0.504228329809725
0.479915433403805
0.471458773784355
0.476744186046512
0.468287526427061
0.449260042283298
0.432346723044397
0.430232558139535
0.400634249471459
0.383720930232558
0.375264270613108
0.361522198731501
0.347780126849894
0.352008456659619
0.33615221987315
0.335095137420719
0.334038054968288
0.334038054968288
0.334038054968288
0.335095137420719
0.323467230443975
0.306553911205074
0.307610993657505
0.31183932346723
0.31183932346723
0.31183932346723
0.308668076109937
0.317124735729387
0.304439746300211
0.308668076109937
0.31183932346723
0.317124735729387
0.307610993657505
0.288583509513742
0.280126849894292
0.265327695560254
0.250528541226216
0.243128964059197
0.239957716701903
0.239957716701903
0.219873150105708
0.219873150105708
0.214587737843552
0.204016913319239
0.204016913319239
0.208245243128964
0.211416490486258
0.195560253699789
0.176532769556025
0.168076109936575
0.154334038054968
0.142706131078224
0.141649048625793
0.132135306553911
0.127906976744186
0.12262156448203
0.114164904862579
0.109936575052854
0.112050739957717
0.114164904862579
0.114164904862579
0.116279069767442
0.121564482029598
0.128964059196617
0.133192389006343
0.140591966173362
0.147991543340381
0.1553911205074
0.160676532769556
0.164904862579281
0.173361522198731
0.186046511627907
0.197674418604651
0.208245243128964
0.221987315010571
0.236786469344609
0.252642706131078
0.269556025369979
0.288583509513742
0.309725158562368
0.325581395348837
0.347780126849894
0.36892177589852
0.387949260042283
0.405919661733615
0.420718816067653
0.438689217758985
0.454545454545455
0.469344608879493
0.488372093023256
0.504228329809725
0.52431289640592
0.546511627906977
0.569767441860465
0.588794926004228
0.567653276955603
0.58985200845666
0.579281183932347
0.578224101479915
0.59830866807611
0.596194503171247
0.604651162790698
0.600422832980973
0.58985200845666
0.579281183932347
0.560253699788584
0.54122621564482
0.513742071881607
0.521141649048626
0.502114164904863
0.495771670190275
0.49154334038055
0.478858350951374
0.479915433403805
0.455602536997886
0.433403805496829
0.421775898520085
0.405919661733615
0.389006342494715
0.382663847780127
0.361522198731501
0.346723044397463
0.341437632135307
0.338266384778013
0.33615221987315
0.339323467230444
0.343551797040169
0.340380549682875
0.326638477801268
0.332980972515856
0.313953488372093
0.312896405919662
0.313953488372093
0.31183932346723
0.300211416490486
0.29492600422833
0.284355179704017
0.276955602536998
0.256871035940803
0.25369978858351
0.249471458773784
0.245243128964059
0.244186046511628
0.221987315010571
0.214587737843552
0.20507399577167
0.204016913319239
0.210359408033827
0.211416490486258
0.221987315010571
0.219873150105708
0.219873150105708
0.221987315010571
0.234672304439746
0.236786469344609
0.248414376321353
0.258985200845666
0.268498942917548
0.280126849894292
0.295983086680761
0.313953488372093
0.332980972515856
0.352008456659619
0.376321353065539
0.39323467230444
0.414376321353066
0.436575052854123
0.45877378435518
0.480972515856237
0.503171247357294
0.529598308668076
0.552854122621565
0.578224101479915
0.595137420718816
0.620507399577167
0.646934460887949
0.670190274841438
0.694503171247357
0.719873150105708
0.744186046511628
0.718816067653277
0.694503171247357
0.681818181818182
0.662790697674419
0.643763213530655
0.63107822410148
0.618393234672304
0.599365750528541
0.588794926004228
0.582452431289641
0.570824524312896
0.568710359408034
0.553911205073996
0.538054968287526
0.533826638477801
0.530655391120507
0.519027484143763
0.494714587737844
0.480972515856237
0.46723044397463
0.446088794926004
0.42600422832981
0.408033826638478
0.392177589852008
0.374207188160677
0.372093023255814
0.353065539112051
0.33615221987315
0.316067653276956
0.310782241014799
0.308668076109937
0.298097251585624
0.288583509513742
0.27906976744186
0.276955602536998
0.273784355179704
0.263213530655391
0.257928118393235
0.245243128964059
0.242071881606765
0.232558139534884
0.22093023255814
0.216701902748414
0.223044397463002
0.215644820295983
0.206131078224101
0.191331923890063
0.193446088794926
0.187103594080338
0.184989429175476
0.178646934460888
0.176532769556025
0.178646934460888
0.164904862579281
0.156448202959831
0.156448202959831
0.145877378435518
0.149048625792812
0.150105708245243
0.147991543340381
0.149048625792812
0.156448202959831
0.164904862579281
0.169133192389006
0.169133192389006
0.175475687103594
0.173361522198731
0.16384778012685
0.1723044397463
0.180761099365751
0.191331923890063
0.19661733615222
0.20507399577167
0.212473572938689
0.22093023255814
0.218816067653277
0.232558139534884
0.248414376321353
0.250528541226216
0.247357293868922
0.235729386892178
0.224101479915433
0.210359408033827
0.198731501057082
0.195560253699789
0.202959830866808
0.193446088794926
0.190274841437632
0.189217758985201
0.184989429175476
0.182875264270613
0.182875264270613
0.180761099365751
0.181818181818182
0.173361522198731
0.162790697674419
0.149048625792812
0.141649048625793
0.126849894291755
0.132135306553911
0.134249471458774
0.138477801268499
0.145877378435518
0.145877378435518
0.143763213530655
0.142706131078224
0.13953488372093
0.146934460887949
0.158562367864693
0.1723044397463
0.187103594080338
0.192389006342495
0.199788583509514
0.209302325581395
0.219873150105708
0.233615221987315
0.248414376321353
0.266384778012685
0.285412262156448
0.308668076109937
0.331923890063425
0.356236786469345
0.380549682875264
0.406976744186047
0.429175475687104
0.456659619450317
0.478858350951374
0.504228329809725
0.531712473572939
0.559196617336152
0.585623678646934
0.613107822410148
0.637420718816068
0.662790697674419
0.691331923890063
0.719873150105708
0.719873150105708
0.742071881606765
0.764270613107822
0.790697674418605
0.77061310782241
0.750528541226216
0.726215644820296
0.717758985200846
0.712473572938689
0.680761099365751
0.662790697674419
0.636363636363636
0.626849894291755
0.597251585623679
0.571881606765328
0.550739957716702
0.520084566596195
0.49154334038055
0.469344608879493
0.456659619450317
0.450317124735729
0.429175475687104
0.412262156448203
0.394291754756871
0.383720930232558
0.374207188160677
0.359408033826638
0.342494714587738
0.335095137420719
0.329809725158562
0.335095137420719
0.342494714587738
0.331923890063425
0.335095137420719
0.326638477801268
0.341437632135307
0.350951374207188
0.361522198731501
0.373150105708245
0.386892177589852
0.40169133192389
0.422832980972516
0.436575052854123
0.450317124735729
0.473572938689218
0.494714587737844
0.513742071881607
0.535940803382664
0.560253699788584
0.588794926004228
0.580338266384778
0.567653276955603
0.579281183932347
0.570824524312896
0.597251585623679
0.623678646934461
0.643763213530655
0.632135306553911
0.657505285412262
0.686046511627907
0.673361522198731
0.695560253699789
0.723044397463002
0.711416490486258
0.707188160676533
0.695560253699789
0.683932346723044
0.710359408033827
0.698731501057082
0.683932346723044
0.677589852008457
0.66384778012685
0.687103594080338
0.675475687103594
0.660676532769556
0.644820295983087
0.634249471458774
0.625792811839323
0.607822410147992
0.587737843551797
0.564482029598309
0.55708245243129
0.544397463002114
0.531712473572939
0.529598308668076
0.498942917547569
0.494714587737844
0.477801268498943
0.464059196617336
0.459830866807611
0.446088794926004
0.430232558139535
0.420718816067653
0.411205073995772
0.395348837209302
0.39323467230444
0.369978858350951
0.356236786469345
0.345665961945032
0.324524312896406
0.306553911205074
0.300211416490486
0.27906976744186
0.26215644820296
0.250528541226216
0.232558139534884
0.217758985200846
0.202959830866808
0.184989429175476
0.177589852008457
0.169133192389006
0.161733615221987
0.156448202959831
0.143763213530655
0.135306553911205
0.118393234672304
0.103594080338266
0.0951374207188161
0.087737843551797
0.0782241014799154
0.0739957716701903
0.0708245243128964
0.0613107822410148
0.0591966173361522
0.0581395348837209
0.0570824524312896
0.0486257928118393
0.0443974630021142
0.0443974630021142
0.0433403805496829
0.0443974630021142
0.0433403805496829
0.0443974630021142
0.0454545454545455
0.0496828752642706
0.0539112050739958
0.0581395348837209
0.0570824524312896
0.0560253699788584
0.0549682875264271
0.0560253699788584
0.0560253699788584
0.0581395348837209
0.0581395348837209
0.0602536997885835
0.0602536997885835
0.0602536997885835
0.0549682875264271
0.0507399577167019
0.0496828752642706
0.0496828752642706
0.0507399577167019
0.0507399577167019
0.0517970401691332
0.0528541226215645
0.0528541226215645
0.0433403805496829
0.0348837209302326
0.0338266384778013
0.0306553911205074
0.0306553911205074
0.0306553911205074
0.0295983086680761
0.0317124735729387
0.0317124735729387
0.0338266384778013
0.0348837209302326
0.0348837209302326
0.0348837209302326
0.0338266384778013
0.0348837209302326
0.0369978858350951
0.0369978858350951
0.0359408033826638
0.03276955602537
0.0306553911205074
0.025369978858351
0.0232558139534884
0.0211416490486258
0.0221987315010571
0.025369978858351
0.0274841437632135
0.0306553911205074
0.0359408033826638
0.0369978858350951
0.0412262156448203
0.0486257928118393
0.0560253699788584
0.0644820295983087
0.0644820295983087
0.06553911205074
0.0665961945031713
0.0665961945031713
0.0665961945031713
0.06553911205074
0.0665961945031713
0.06553911205074
0.0634249471458774
0.0634249471458774
0.0634249471458774
0.0634249471458774
0.0644820295983087
0.0665961945031713
0.0676532769556025
0.0676532769556025
0.072938689217759
0.0782241014799154
0.0845665961945032
0.0898520084566596
0.0972515856236787
0.105708245243129
0.117336152219873
0.128964059196617
0.140591966173362
0.151162790697674
0.16384778012685
0.174418604651163
0.186046511627907
0.198731501057082
0.211416490486258
0.226215644820296
0.231501057082452
0.245243128964059
0.252642706131078
0.260042283298097
0.268498942917548
0.27906976744186
0.288583509513742
0.301268498942918
0.310782241014799
0.321353065539112
0.332980972515856
0.340380549682875
0.342494714587738
0.347780126849894
0.358350951374207
0.359408033826638
0.365750528541226
0.371035940803383
0.378435517970402
0.386892177589852
0.395348837209302
0.398520084566596
0.406976744186047
0.379492600422833
0.355179704016913
0.329809725158562
0.295983086680761
0.276955602536998
0.252642706131078
0.23784355179704
0.218816067653277
0.202959830866808
0.18816067653277
0.179704016913319
0.164904862579281
0.157505285412262
0.137420718816068
0.121564482029598
0.108879492600423
0.0993657505285412
0.0972515856236787
0.0951374207188161
0.0856236786469345
0.0750528541226216
0.0665961945031713
0.0613107822410148
0.0591966173361522
0.0528541226215645
0.047568710359408
0.0433403805496829
0.040169133192389
0.0359408033826638
0.03276955602537
0.0317124735729387
0.0306553911205074
0.03276955602537
0.0295983086680761
0.03276955602537
0.0359408033826638
0.0369978858350951
0.0412262156448203
0.0454545454545455
0.0517970401691332
0.0591966173361522
0.0676532769556025
0.0750528541226216
0.0856236786469345
0.0951374207188161
0.10676532769556
0.118393234672304
0.126849894291755
0.136363636363636
0.147991543340381
0.158562367864693
0.170190274841438
0.179704016913319
0.193446088794926
0.207188160676533
0.221987315010571
0.236786469344609
0.250528541226216
0.264270613107822
0.276955602536998
0.288583509513742
0.297040169133192
0.309725158562368
0.321353065539112
0.332980972515856
0.341437632135307
0.350951374207188
0.356236786469345
0.363636363636364
0.369978858350951
0.37737843551797
0.383720930232558
0.389006342494715
0.396405919661734
0.364693446088795
0.342494714587738
0.332980972515856
0.33615221987315
0.318181818181818
0.305496828752643
0.284355179704017
0.257928118393235
0.247357293868922
0.247357293868922
0.226215644820296
0.218816067653277
0.210359408033827
0.191331923890063
0.183932346723044
0.1723044397463
0.162790697674419
0.152219873150106
0.149048625792812
0.144820295983087
0.135306553911205
0.133192389006343
0.124735729386892
0.118393234672304
0.113107822410148
0.114164904862579
0.116279069767442
0.113107822410148
0.110993657505285
0.108879492600423
0.107822410147992
0.107822410147992
0.10676532769556
0.107822410147992
0.108879492600423
0.103594080338266
0.100422832980973
0.0961945031712474
0.0940803382663848
0.0930232558139535
0.0919661733615222
0.0898520084566596
0.0898520084566596
0.0898520084566596
0.0761099365750529
0.0644820295983087
0.0549682875264271
0.0465116279069767
0.0380549682875264
0.0380549682875264
0.0306553911205074
0.0243128964059197
0.0200845665961945
0.0169133192389006
0.0158562367864693
0.0158562367864693
0.0158562367864693
0.0158562367864693
0.0179704016913319
0.0200845665961945
0.0232558139534884
0.0274841437632135
0.03276955602537
0.040169133192389
0.0486257928118393
0.0570824524312896
0.0665961945031713
0.0761099365750529
0.0887949260042283
0.102536997885835
0.117336152219873
0.133192389006343
0.150105708245243
0.168076109936575
0.187103594080338
0.206131078224101
0.227272727272727
0.245243128964059
0.265327695560254
0.28646934460888
0.307610993657505
0.329809725158562
0.350951374207188
0.36892177589852
0.386892177589852
0.402748414376321
0.420718816067653
0.437632135306554
0.451374207188161
0.465116279069767
0.476744186046512
0.487315010570825
0.488372093023256
0.488372093023256
0.489429175475687
0.49154334038055
0.494714587737844
0.498942917547569
0.504228329809725
0.509513742071882
0.483086680761099
0.455602536997886
0.428118393234672
0.400634249471459
0.373150105708245
0.348837209302326
0.3276955602537
0.307610993657505
0.290697674418605
0.278012684989429
0.260042283298097
0.23784355179704
0.217758985200846
0.201902748414376
0.187103594080338
0.174418604651163
0.16384778012685
0.1553911205074
0.150105708245243
0.149048625792812
0.143763213530655
0.140591966173362
0.13953488372093
0.134249471458774
0.135306553911205
0.138477801268499
0.142706131078224
0.145877378435518
0.151162790697674
0.156448202959831
0.1553911205074
0.156448202959831
0.158562367864693
0.158562367864693
0.162790697674419
0.168076109936575
0.158562367864693
0.149048625792812
0.140591966173362
0.135306553911205
0.12262156448203
0.113107822410148
0.109936575052854
0.109936575052854
0.10676532769556
0.10676532769556
0.10676532769556
0.101479915433404
0.0972515856236787
0.0930232558139535
0.0898520084566596
0.0898520084566596
0.087737843551797
0.0866807610993657
0.0866807610993657
0.0866807610993657
0.0813953488372093
0.0718816067653277
0.06553911205074
0.0613107822410148
0.0570824524312896
0.0539112050739958
0.0528541226215645
0.0528541226215645
0.0486257928118393
0.0465116279069767
0.0391120507399577
0.0391120507399577
0.0338266384778013
0.0306553911205074
0.0274841437632135
0.0264270613107822
0.025369978858351
0.025369978858351
0.0211416490486258
0.0158562367864693
0.0137420718816068
0.0137420718816068
0.0158562367864693
0.0200845665961945
0.025369978858351
0.0317124735729387
0.0380549682875264
0.0454545454545455
0.0528541226215645
0.0634249471458774
0.0750528541226216
0.087737843551797
0.100422832980973
0.114164904862579
0.128964059196617
0.144820295983087
0.161733615221987
0.180761099365751
0.200845665961945
0.221987315010571
0.244186046511628
0.267441860465116
0.291754756871036
0.317124735729387
0.343551797040169
0.369978858350951
0.398520084566596
0.428118393234672
0.45877378435518
0.489429175475687
0.521141649048626
0.553911205073996
0.587737843551797
0.621564482029598
0.657505285412262
0.693446088794926
0.731501057082452
0.77061310782241
0.810782241014799
0.850951374207188
0.892177589852008
0.933403805496829
0.97568710359408
0.972515856236786
0.968287526427061
0.966173361522199
0.961945031712474
0.961945031712474
0.95877378435518
0.953488372093023
0.951374207188161
0.946088794926004
0.943974630021142
0.940803382663848
0.935517970401691
0.928118393234672
0.921775898520085
0.917547568710359
0.913319238900634
0.905919661733615
0.900634249471459
0.895348837209302
0.892177589852008
0.883720930232558
0.89323467230444
0.895348837209302
0.887949260042283
0.881606765327696
0.872093023255814
0.864693446088795
0.861522198731501
0.848837209302326
0.840380549682875
0.838266384778013
0.829809725158562
0.817124735729387
0.820295983086681
0.809725158562368
0.800211416490486
0.795983086680761
0.789640591966173
0.782241014799154
0.775898520084567
0.76215644820296
0.75369978858351
0.738900634249471
0.72938689217759
0.721987315010571
0.723044397463002
0.719873150105708
0.710359408033827
0.699788583509514
0.68816067653277
0.677589852008457
0.674418604651163
0.665961945031712
0.660676532769556
0.644820295983087
0.632135306553911
0.635306553911205
0.633192389006342
0.625792811839323
0.62262156448203
0.621564482029598
0.60676532769556
0.602536997885835
0.608879492600423
0.595137420718816
0.603594080338266
0.597251585623679
0.587737843551797
0.591966173361522
0.597251585623679
0.614164904862579
0.626849894291755
0.614164904862579
0.609936575052854
0.614164904862579
0.609936575052854
0.59830866807611
0.570824524312896
0.566596194503171
0.567653276955603
0.577167019027484
0.567653276955603
0.55708245243129
0.546511627906977
0.525369978858351
0.515856236786469
0.501057082452431
0.5
0.49154334038055
0.485200845665962
0.478858350951374
0.463002114164905
0.457716701902748
0.441860465116279
0.437632135306554
0.439746300211416
0.431289640591966
0.416490486257928
0.409090909090909
0.402748414376321
0.380549682875264
0.361522198731501
0.349894291754757
0.328752642706131
0.321353065539112
0.31183932346723
0.305496828752643
0.306553911205074
0.295983086680761
0.29492600422833
0.292811839323467
0.29492600422833
0.299154334038055
0.310782241014799
0.31183932346723
0.318181818181818
0.320295983086681
0.312896405919662
0.315010570824524
0.315010570824524
0.316067653276956
0.313953488372093
0.30338266384778
0.315010570824524
0.324524312896406
0.337209302325581
0.339323467230444
0.343551797040169
0.3446088794926
0.324524312896406
0.339323467230444
0.352008456659619
0.341437632135307
0.318181818181818
0.304439746300211
0.322410147991543
0.312896405919662
0.313953488372093
0.315010570824524
0.297040169133192
0.27061310782241
0.267441860465116
0.272727272727273
0.274841437632135
0.27906976744186
0.280126849894292
0.282241014799154
0.28646934460888
0.272727272727273
0.274841437632135
0.257928118393235
0.247357293868922
0.241014799154334
0.224101479915433
0.219873150105708
0.210359408033827
0.202959830866808
0.193446088794926
0.186046511627907
0.175475687103594
0.175475687103594
0.179704016913319
0.182875264270613
0.190274841437632
0.201902748414376
0.20507399577167
0.19661733615222
0.19661733615222
0.198731501057082
0.195560253699789
0.199788583509514
0.209302325581395
0.216701902748414
0.227272727272727
0.236786469344609
0.245243128964059
0.25369978858351
0.265327695560254
0.272727272727273
0.269556025369979
0.271670190274841
0.272727272727273
0.267441860465116
0.280126849894292
0.280126849894292
0.254756871035941
0.245243128964059
0.231501057082452
0.225158562367865
0.225158562367865
0.206131078224101
0.20507399577167
0.206131078224101
0.211416490486258
0.199788583509514
0.183932346723044
0.18816067653277
0.19661733615222
0.202959830866808
0.192389006342495
0.198731501057082
0.199788583509514
0.199788583509514
0.202959830866808
0.207188160676533
0.213530655391121
0.219873150105708
0.227272727272727
0.239957716701903
0.25369978858351
0.267441860465116
0.283298097251586
0.30338266384778
0.3276955602537
0.346723044397463
0.36892177589852
0.394291754756871
0.417547568710359
0.443974630021142
0.472515856236786
0.503171247357294
0.535940803382664
0.569767441860465
0.604651162790698
0.640591966173362
0.676532769556025
0.71353065539112
0.751585623678647
0.787526427061311
0.828752642706131
0.828752642706131
0.828752642706131
0.828752642706131
0.8276955602537
0.865750528541226
0.908033826638478
0.949260042283298
0.993657505285412
0.993657505285412
0.994714587737844
0.996828752642706
0.995771670190275
0.996828752642706
0.996828752642706
0.996828752642706
0.996828752642706
0.998942917547569
0.998942917547569
0.998942917547569
0.998942917547569
0.998942917547569
0.997885835095137
0.996828752642706
0.996828752642706
0.996828752642706
0.996828752642706
0.996828752642706
0.995771670190275
0.995771670190275
0.994714587737844
0.996828752642706
0.994714587737844
0.993657505285412
0.992600422832981
0.99154334038055
0.990486257928118
0.990486257928118
0.990486257928118
0.990486257928118
0.990486257928118
0.990486257928118
0.990486257928118
0.990486257928118
0.990486257928118
0.989429175475687
0.990486257928118
0.988372093023256
0.988372093023256
0.990486257928118
0.987315010570824
0.984143763213531
0.980972515856237
0.976744186046512
0.971458773784355
0.971458773784355
0.969344608879493
0.965116279069767
0.963002114164905
0.963002114164905
0.963002114164905
0.961945031712474
0.964059196617336
0.961945031712474
0.960887949260042
0.957716701902748
0.953488372093023
0.949260042283298
0.948202959830867
0.943974630021142
0.939746300211416
0.937632135306554
0.932346723044397
0.932346723044397
0.929175475687104
0.929175475687104
0.924947145877378
0.922832980972516
0.920718816067653
0.916490486257928
0.913319238900634
0.911205073995772
0.904862579281184
0.897463002114165
0.894291754756871
0.887949260042283
0.881606765327696
0.875264270613108
0.869978858350951
0.872093023255814
0.866807610993658
0.864693446088795
0.861522198731501
0.859408033826638
0.865750528541226
0.861522198731501
0.856236786469345
0.852008456659619
0.848837209302326
0.835095137420719
0.8276955602537
0.809725158562368
0.804439746300211
0.79492600422833
0.791754756871036
0.775898520084567
0.768498942917548
0.765327695560254
0.754756871035941
0.748414376321353
0.744186046511628
0.727272727272727
0.715644820295983
0.701902748414376
0.693446088794926
0.686046511627907
0.681818181818182
0.676532769556025
0.659619450317125
0.657505285412262
0.652219873150106
0.634249471458774
0.623678646934461
0.60676532769556
0.59830866807611
0.580338266384778
0.566596194503171
0.559196617336152
0.534883720930233
0.53276955602537
0.519027484143763
0.504228329809725
0.488372093023256
0.480972515856237
0.466173361522199
0.459830866807611
0.448202959830867
0.436575052854123
0.430232558139535
0.423890063424947
0.416490486257928
0.405919661733615
0.396405919661734
0.399577167019027
0.397463002114165
0.39323467230444
0.378435517970402
0.373150105708245
0.364693446088795
0.358350951374207
0.348837209302326
0.3446088794926
0.33615221987315
0.322410147991543
0.300211416490486
0.288583509513742
0.288583509513742
0.284355179704017
0.274841437632135
0.261099365750529
0.256871035940803
0.250528541226216
0.244186046511628
0.230443974630021
0.230443974630021
0.221987315010571
0.215644820295983
0.20507399577167
0.200845665961945
0.197674418604651
0.192389006342495
0.177589852008457
0.177589852008457
0.175475687103594
0.165961945031712
0.170190274841438
0.1723044397463
0.180761099365751
0.181818181818182
0.184989429175476
0.194503171247357
0.192389006342495
0.193446088794926
0.198731501057082
0.199788583509514
0.202959830866808
0.202959830866808
0.179704016913319
0.175475687103594
0.169133192389006
0.171247357293869
0.168076109936575
0.167019027484144
0.16384778012685
0.162790697674419
0.158562367864693
0.156448202959831
0.156448202959831
0.154334038054968
0.151162790697674
0.142706131078224
0.133192389006343
0.136363636363636
0.138477801268499
0.143763213530655
0.130021141649049
0.127906976744186
0.126849894291755
0.135306553911205
0.124735729386892
0.121564482029598
0.121564482029598
0.115221987315011
0.100422832980973
0.0909090909090909
0.087737843551797
0.0750528541226216
0.0782241014799154
0.0835095137420719
0.0771670190274841
0.0739957716701903
0.072938689217759
0.0750528541226216
0.080338266384778
0.0866807610993657
0.0940803382663848
0.101479915433404
0.110993657505285
0.121564482029598
0.132135306553911
0.144820295983087
0.157505285412262
0.1723044397463
0.187103594080338
0.201902748414376
0.218816067653277
0.236786469344609
0.256871035940803
0.275898520084567
0.297040169133192
0.317124735729387
0.338266384778013
0.36046511627907
0.352008456659619
0.36892177589852
0.386892177589852
0.408033826638478
0.431289640591966
0.452431289640592
0.478858350951374
0.504228329809725
0.530655391120507
0.556025369978858
0.581395348837209
0.608879492600423
0.636363636363636
0.66384778012685
0.691331923890063
0.719873150105708
0.749471458773784
0.775898520084567
0.763213530655391
0.764270613107822
0.75369978858351
0.755813953488372
0.751585623678647
0.747357293868922
0.73784355179704
0.725158562367865
0.724101479915433
0.70507399577167
0.683932346723044
0.669133192389006
0.658562367864693
0.652219873150106
0.641649048625793
0.619450317124736
0.620507399577167
0.630021141649049
0.617336152219873
0.607822410147992
0.588794926004228
0.571881606765328
0.562367864693446
0.534883720930233
0.504228329809725
0.471458773784355
0.452431289640592
0.428118393234672
0.408033826638478
0.378435517970402
0.349894291754757
0.324524312896406
0.308668076109937
0.281183932346723
0.256871035940803
0.235729386892178
0.219873150105708
0.214587737843552
0.198731501057082
0.184989429175476
0.178646934460888
0.179704016913319
0.177589852008457
0.179704016913319
0.179704016913319
0.184989429175476
0.184989429175476
0.183932346723044
0.179704016913319
0.183932346723044
0.190274841437632
0.195560253699789
0.20507399577167
0.210359408033827
0.218816067653277
0.226215644820296
0.235729386892178
0.243128964059197
0.255813953488372
0.260042283298097
0.269556025369979
0.276955602536998
0.285412262156448
0.297040169133192
0.305496828752643
0.313953488372093
0.323467230443975
0.335095137420719
0.346723044397463
0.354122621564482
0.365750528541226
0.378435517970402
0.362579281183932
0.366807610993657
0.376321353065539
0.385835095137421
0.397463002114165
0.406976744186047
0.384778012684989
0.37737843551797
0.364693446088795
0.350951374207188
0.350951374207188
0.330866807610994
0.320295983086681
0.312896405919662
0.30338266384778
0.300211416490486
0.298097251585624
0.289640591966173
0.283298097251586
0.274841437632135
0.27061310782241
0.271670190274841
0.261099365750529
0.260042283298097
0.256871035940803
0.260042283298097
0.238900634249471
0.228329809725159
0.215644820295983
0.210359408033827
0.20507399577167
0.191331923890063
0.189217758985201
0.193446088794926
0.19661733615222
0.200845665961945
0.193446088794926
0.186046511627907
0.169133192389006
0.158562367864693
0.149048625792812
0.13107822410148
0.125792811839323
0.123678646934461
0.115221987315011
0.113107822410148
0.102536997885835
0.0909090909090909
0.0930232558139535
0.0919661733615222
0.0909090909090909
0.0835095137420719
0.0845665961945032
0.0856236786469345
0.080338266384778
0.0782241014799154
0.0750528541226216
0.0771670190274841
0.0813953488372093
0.087737843551797
0.0961945031712474
0.10676532769556
0.110993657505285
0.117336152219873
0.124735729386892
0.134249471458774
0.143763213530655
0.146934460887949
0.150105708245243
0.147991543340381
0.147991543340381
0.144820295983087
0.146934460887949
0.145877378435518
0.146934460887949
0.149048625792812
0.151162790697674
0.152219873150106
0.154334038054968
0.157505285412262
0.160676532769556
0.161733615221987
0.165961945031712
0.168076109936575
0.1723044397463
0.171247357293869
0.171247357293869
0.173361522198731
0.173361522198731
0.173361522198731
0.1723044397463
0.1723044397463
0.1723044397463
0.1723044397463
0.173361522198731
0.157505285412262
0.141649048625793
0.127906976744186
0.116279069767442
0.10676532769556
0.0951374207188161
0.0856236786469345
0.0771670190274841
0.0718816067653277
0.0676532769556025
0.0623678646934461
0.0602536997885835
0.0613107822410148
0.0623678646934461
0.0634249471458774
0.0634249471458774
0.0623678646934461
0.0623678646934461
0.0613107822410148
0.0623678646934461
0.0623678646934461
0.0623678646934461
0.0486257928118393
0.0433403805496829
0.0369978858350951
0.0348837209302326
0.0317124735729387
0.0317124735729387
0.0274841437632135
0.0264270613107822
0.025369978858351
0.025369978858351
0.025369978858351
0.025369978858351
0.025369978858351
0.025369978858351
0.025369978858351
0.0264270613107822
0.025369978858351
0.0232558139534884
0.0221987315010571
0.0211416490486258
0.0211416490486258
0.0211416490486258
0.0221987315010571
0.0200845665961945
0.0190274841437632
0.0190274841437632
0.0200845665961945
0.0200845665961945
0.0169133192389006
0.0158562367864693
0.0147991543340381
0.0158562367864693
0.0179704016913319
0.0179704016913319
0.0200845665961945
0.025369978858351
0.0317124735729387
0.0380549682875264
0.0443974630021142
0.0539112050739958
0.0634249471458774
0.0750528541226216
0.0866807610993657
0.0983086680761099
0.109936575052854
0.119450317124736
0.126849894291755
0.13107822410148
0.130021141649049
0.128964059196617
0.128964059196617
0.13107822410148
0.134249471458774
0.138477801268499
0.141649048625793
0.146934460887949
0.152219873150106
0.156448202959831
0.157505285412262
0.158562367864693
0.158562367864693
0.159619450317125
0.161733615221987
0.16384778012685
0.16384778012685
0.16384778012685
0.164904862579281
0.167019027484144
0.170190274841438
0.1723044397463
0.1723044397463
0.1723044397463
0.173361522198731
0.175475687103594
0.158562367864693
0.144820295983087
0.132135306553911
0.118393234672304
0.10676532769556
0.0983086680761099
0.0909090909090909
0.0856236786469345
0.0792811839323467
0.0750528541226216
0.072938689217759
0.0697674418604651
0.0676532769556025
0.0665961945031713
0.06553911205074
0.0676532769556025
0.0676532769556025
0.0676532769556025
0.0665961945031713
0.0602536997885835
0.0539112050739958
0.0517970401691332
0.0465116279069767
0.0422832980972516
0.040169133192389
0.0391120507399577
0.040169133192389
0.040169133192389
0.0391120507399577
0.0348837209302326
0.0274841437632135
0.0221987315010571
0.0211416490486258
0.0211416490486258
0.0211416490486258
0.0179704016913319
0.0158562367864693
0.0147991543340381
0.0147991543340381
0.0147991543340381
0.0126849894291755
0.0105708245243129
0.0105708245243129
0.0126849894291755
0.0137420718816068
0.0179704016913319
0.0221987315010571
0.0285412262156448
0.0348837209302326
0.0433403805496829
0.0517970401691332
0.0623678646934461
0.072938689217759
0.0856236786469345
0.0972515856236787
0.110993657505285
0.126849894291755
0.141649048625793
0.157505285412262
0.175475687103594
0.194503171247357
0.212473572938689
0.232558139534884
0.252642706131078
0.272727272727273
0.293868921775899
0.313953488372093
0.334038054968288
0.353065539112051
0.371035940803383
0.391120507399577
0.411205073995772
0.431289640591966
0.451374207188161
0.472515856236786
0.492600422832981
0.512684989429176
0.53276955602537
0.552854122621565
0.571881606765328
0.593023255813954
0.615221987315011
0.635306553911205
0.654334038054968
0.674418604651163
0.646934460887949
0.626849894291755
0.60676532769556
0.579281183932347
0.556025369978858
0.530655391120507
0.512684989429176
0.495771670190275
0.474630021141649
0.455602536997886
0.445031712473573
0.433403805496829
0.416490486257928
0.40169133192389
0.391120507399577
0.387949260042283
0.364693446088795
0.358350951374207
0.347780126849894
0.342494714587738
0.342494714587738
0.348837209302326
0.331923890063425
0.337209302325581
0.334038054968288
0.341437632135307
0.342494714587738
0.352008456659619
0.345665961945032
0.350951374207188
0.356236786469345
0.367864693446089
0.379492600422833
0.394291754756871
0.386892177589852
0.382663847780127
0.386892177589852
0.39323467230444
0.397463002114165
0.411205073995772
0.419661733615222
0.419661733615222
0.430232558139535
0.441860465116279
0.454545454545455
0.466173361522199
0.474630021141649
0.454545454545455
0.438689217758985
0.419661733615222
0.395348837209302
0.387949260042283
0.39323467230444
0.37737843551797
0.366807610993657
0.348837209302326
0.332980972515856
0.309725158562368
0.289640591966173
0.275898520084567
0.269556025369979
0.249471458773784
0.232558139534884
0.212473572938689
0.199788583509514
0.178646934460888
0.16384778012685
0.156448202959831
0.142706131078224
0.135306553911205
0.120507399577167
0.112050739957717
0.10676532769556
0.101479915433404
0.0961945031712474
0.0887949260042283
0.0866807610993657
0.0813953488372093
0.0792811839323467
0.0792811839323467
0.080338266384778
0.080338266384778
0.0771670190274841
0.0761099365750529
0.0771670190274841
0.0771670190274841
0.0782241014799154
0.0739957716701903
0.0761099365750529
0.0782241014799154
0.0782241014799154
0.0708245243128964
0.0697674418604651
0.0634249471458774
0.0613107822410148
0.0613107822410148
0.0602536997885835
0.0581395348837209
0.0560253699788584
0.0560253699788584
0.0570824524312896
0.0560253699788584
0.0581395348837209
0.0602536997885835
0.06553911205074
0.0697674418604651
0.0665961945031713
0.0687103594080338
0.0676532769556025
0.0697674418604651
0.0687103594080338
0.06553911205074
0.06553911205074
0.0644820295983087
0.06553911205074
0.0676532769556025
0.072938689217759
0.0782241014799154
0.0845665961945032
0.0898520084566596
0.0951374207188161
0.102536997885835
0.110993657505285
0.112050739957717
0.120507399577167
0.13107822410148
0.142706131078224
0.1553911205074
0.156448202959831
0.162790697674419
0.174418604651163
0.187103594080338
0.200845665961945
0.215644820295983
0.22938689217759
0.243128964059197
0.256871035940803
0.265327695560254
0.276955602536998
0.284355179704017
0.29492600422833
0.30338266384778
0.312896405919662
0.321353065539112
0.329809725158562
0.339323467230444
0.3446088794926
0.348837209302326
0.352008456659619
0.358350951374207
0.364693446088795
0.369978858350951
0.379492600422833
0.387949260042283
0.395348837209302
0.402748414376321
0.408033826638478
0.383720930232558
0.366807610993657
0.338266384778013
0.31183932346723
0.293868921775899
0.261099365750529
0.235729386892178
0.218816067653277
0.194503171247357
0.175475687103594
0.158562367864693
0.145877378435518
0.132135306553911
0.119450317124736
0.108879492600423
0.0993657505285412
0.0909090909090909
0.0845665961945032
0.0856236786469345
0.0887949260042283
0.0930232558139535
0.0972515856236787
0.101479915433404
0.108879492600423
0.117336152219873
0.126849894291755
0.137420718816068
0.147991543340381
0.150105708245243
0.158562367864693
0.16384778012685
0.171247357293869
0.175475687103594
0.167019027484144
0.159619450317125
0.154334038054968
0.150105708245243
0.151162790697674
0.150105708245243
0.149048625792812
0.149048625792812
0.150105708245243
0.152219873150106
0.153276955602537
0.138477801268499
0.13953488372093
0.143763213530655
0.146934460887949
0.150105708245243
0.152219873150106
0.152219873150106
0.149048625792812
0.149048625792812
0.147991543340381
0.147991543340381
0.147991543340381
0.146934460887949
0.146934460887949
0.146934460887949
0.142706131078224
0.125792811839323
0.112050739957717
0.0993657505285412
0.0898520084566596
0.0835095137420719
0.0792811839323467
0.080338266384778
0.0792811839323467
0.0813953488372093
0.087737843551797
0.0930232558139535
0.100422832980973
0.109936575052854
0.120507399577167
0.134249471458774
0.146934460887949
0.159619450317125
0.174418604651163
0.189217758985201
0.20507399577167
0.218816067653277
0.231501057082452
0.24630021141649
0.261099365750529
0.274841437632135
0.288583509513742
0.298097251585624
0.306553911205074
0.316067653276956
0.3276955602537
0.341437632135307
0.354122621564482
0.367864693446089
0.381606765327696
0.396405919661734
0.41014799154334
0.422832980972516
0.436575052854123
0.451374207188161
0.465116279069767
0.477801268498943
0.490486257928118
0.501057082452431
0.505285412262156
0.493657505285412
0.478858350951374
0.472515856236786
0.44291754756871
0.428118393234672
0.414376321353066
0.402748414376321
0.392177589852008
0.386892177589852
0.364693446088795
0.347780126849894
0.345665961945032
0.343551797040169
0.334038054968288
0.328752642706131
0.323467230443975
0.309725158562368
0.312896405919662
0.299154334038055
0.282241014799154
0.282241014799154
0.274841437632135
0.274841437632135
0.25369978858351
0.25369978858351
0.242071881606765
0.227272727272727
0.22093023255814
0.210359408033827
0.213530655391121
0.214587737843552
0.219873150105708
0.223044397463002
0.230443974630021
0.241014799154334
0.250528541226216
0.256871035940803
0.267441860465116
0.280126849894292
0.293868921775899
0.306553911205074
0.320295983086681
0.313953488372093
0.318181818181818
0.322410147991543
0.315010570824524
0.312896405919662
0.313953488372093
0.310782241014799
0.302325581395349
0.288583509513742
0.287526427061311
0.290697674418605
0.290697674418605
0.291754756871036
0.285412262156448
0.281183932346723
0.282241014799154
0.283298097251586
0.263213530655391
0.252642706131078
0.24630021141649
0.242071881606765
0.236786469344609
0.22938689217759
0.223044397463002
0.221987315010571
0.19661733615222
0.174418604651163
0.159619450317125
0.156448202959831
0.13953488372093
0.12262156448203
0.10676532769556
0.0940803382663848
0.0835095137420719
0.0761099365750529
0.0697674418604651
0.0623678646934461
0.0570824524312896
0.0539112050739958
0.0549682875264271
0.0570824524312896
0.0613107822410148
0.06553911205074
0.0718816067653277
0.0813953488372093
0.0919661733615222
0.100422832980973
0.109936575052854
0.116279069767442
0.125792811839323
0.130021141649049
0.130021141649049
0.13107822410148
0.13107822410148
0.13107822410148
0.130021141649049
0.127906976744186
0.128964059196617
0.132135306553911
0.132135306553911
0.133192389006343
0.132135306553911
0.132135306553911
0.134249471458774
0.136363636363636
0.136363636363636
0.136363636363636
0.138477801268499
0.141649048625793
0.145877378435518
0.151162790697674
0.154334038054968
0.157505285412262
0.160676532769556
0.164904862579281
0.16384778012685
0.16384778012685
0.164904862579281
0.149048625792812
0.152219873150106
0.13953488372093
0.126849894291755
0.115221987315011
0.105708245243129
0.0961945031712474
0.0887949260042283
0.080338266384778
0.0750528541226216
0.0697674418604651
0.0676532769556025
0.06553911205074
0.0644820295983087
0.0634249471458774
0.0623678646934461
0.0623678646934461
0.0602536997885835
0.0602536997885835
0.0602536997885835
0.0517970401691332
0.0496828752642706
0.0486257928118393
0.047568710359408
0.047568710359408
0.0465116279069767
0.047568710359408
0.0496828752642706
0.0528541226215645
0.0570824524312896
0.0623678646934461
0.0687103594080338
0.0665961945031713
0.0676532769556025
0.0739957716701903
0.080338266384778
0.0898520084566596
0.102536997885835
0.114164904862579
0.127906976744186
0.142706131078224
0.158562367864693
0.170190274841438
0.183932346723044
0.200845665961945
0.217758985200846
0.236786469344609
0.254756871035941
0.273784355179704
0.291754756871036
0.310782241014799
0.330866807610994
0.349894291754757
0.371035940803383
0.390063424947146
0.41014799154334
0.429175475687104
0.449260042283298
0.46723044397463
0.487315010570825
0.506342494714588
0.52431289640592
0.543340380549683
0.562367864693446
0.582452431289641
0.602536997885835
0.62262156448203
0.642706131078224
0.66384778012685
0.640591966173362
0.616279069767442
0.600422832980973
0.581395348837209
0.563424947145877
0.552854122621565
0.539112050739958
0.506342494714588
0.477801268498943
0.452431289640592
0.432346723044397
0.417547568710359
0.406976744186047
0.399577167019027
0.391120507399577
0.376321353065539
0.36892177589852
0.346723044397463
0.323467230443975
0.312896405919662
0.301268498942918
0.298097251585624
0.283298097251586
0.261099365750529
0.258985200845666
0.252642706131078
0.250528541226216
0.242071881606765
0.238900634249471
0.232558139534884
0.217758985200846
0.208245243128964
0.191331923890063
0.183932346723044
0.18816067653277
0.177589852008457
0.170190274841438
0.159619450317125
0.152219873150106
0.146934460887949
0.144820295983087
0.130021141649049
0.121564482029598
0.113107822410148
0.113107822410148
0.114164904862579
0.110993657505285
0.102536997885835
0.0940803382663848
0.0898520084566596
0.087737843551797
0.0835095137420719
0.0813953488372093
0.0771670190274841
0.0718816067653277
0.0665961945031713
0.0634249471458774
0.0613107822410148
0.0613107822410148
0.06553911205074
0.06553911205074
0.06553911205074
0.06553911205074
0.0591966173361522
0.0570824524312896
0.0581395348837209
0.0602536997885835
0.0602536997885835
0.0602536997885835
0.0623678646934461
0.06553911205074
0.0644820295983087
0.0665961945031713
0.0665961945031713
0.0634249471458774
0.0623678646934461
0.0634249471458774
0.0623678646934461
0.0570824524312896
0.0591966173361522
0.0591966173361522
0.0602536997885835
0.0602536997885835
0.0539112050739958
0.0549682875264271
0.0539112050739958
0.0528541226215645
0.0570824524312896
0.0549682875264271
0.0602536997885835
0.0613107822410148
0.06553911205074
0.072938689217759
0.0813953488372093
0.0919661733615222
0.100422832980973
0.112050739957717
0.123678646934461
0.134249471458774
0.147991543340381
0.162790697674419
0.177589852008457
0.192389006342495
0.200845665961945
0.209302325581395
0.213530655391121
0.215644820295983
0.217758985200846
0.221987315010571
0.226215644820296
0.223044397463002
0.217758985200846
0.221987315010571
0.210359408033827
0.213530655391121
0.219873150105708
0.227272727272727
0.235729386892178
0.234672304439746
0.234672304439746
0.239957716701903
0.241014799154334
0.238900634249471
0.23784355179704
0.23784355179704
0.23784355179704
0.23784355179704
0.23784355179704
0.238900634249471
0.238900634249471
0.22093023255814
0.207188160676533
0.193446088794926
0.176532769556025
0.165961945031712
0.154334038054968
0.143763213530655
0.135306553911205
0.124735729386892
0.117336152219873
0.112050739957717
0.105708245243129
0.100422832980973
0.0972515856236787
0.0972515856236787
0.0983086680761099
0.100422832980973
0.100422832980973
0.0972515856236787
0.0856236786469345
0.0750528541226216
0.0687103594080338
0.0602536997885835
0.0539112050739958
0.0496828752642706
0.0465116279069767
0.0486257928118393
0.0496828752642706
0.0539112050739958
0.0591966173361522
0.06553911205074
0.0708245243128964
0.0739957716701903
0.0792811839323467
0.0845665961945032
0.0887949260042283
0.0909090909090909
0.0909090909090909
0.0866807610993657
0.0856236786469345
0.0856236786469345
0.0845665961945032
0.0845665961945032
0.0845665961945032
0.0856236786469345
0.0835095137420719
0.080338266384778
0.080338266384778
0.0824524312896406
0.0824524312896406
0.0824524312896406
0.0835095137420719
0.0856236786469345
0.0898520084566596
0.0951374207188161
0.101479915433404
0.107822410147992
0.112050739957717
0.118393234672304
0.125792811839323
0.125792811839323
0.134249471458774
0.143763213530655
0.152219873150106
0.161733615221987
0.170190274841438
0.162790697674419
0.158562367864693
0.1553911205074
0.154334038054968
0.1553911205074
0.157505285412262
0.159619450317125
0.161733615221987
0.167019027484144
0.1723044397463
0.175475687103594
0.179704016913319
0.181818181818182
0.184989429175476
0.179704016913319
0.181818181818182
0.182875264270613
0.183932346723044
0.183932346723044
0.184989429175476
0.187103594080338
0.190274841437632
0.194503171247357
0.199788583509514
0.206131078224101
0.213530655391121
0.221987315010571
0.231501057082452
0.217758985200846
0.207188160676533
0.202959830866808
0.202959830866808
0.206131078224101
0.211416490486258
0.215644820295983
0.226215644820296
0.23784355179704
0.250528541226216
0.263213530655391
0.274841437632135
0.288583509513742
0.298097251585624
0.308668076109937
0.307610993657505
0.300211416490486
0.298097251585624
0.29492600422833
0.298097251585624
0.30338266384778
0.309725158562368
0.317124735729387
0.321353065539112
0.3276955602537
0.33615221987315
0.3446088794926
0.354122621564482
0.361522198731501
0.372093023255814
0.380549682875264
0.386892177589852
0.391120507399577
0.391120507399577
0.371035940803383
0.348837209302326
0.329809725158562
0.312896405919662
0.298097251585624
0.285412262156448
0.273784355179704
0.26215644820296
0.250528541226216
0.241014799154334
0.232558139534884
0.225158562367865
0.219873150105708
0.215644820295983
0.213530655391121
0.211416490486258
0.210359408033827
0.212473572938689
0.213530655391121
0.213530655391121
0.217758985200846
0.217758985200846
0.22093023255814
0.225158562367865
0.228329809725159
0.211416490486258
0.194503171247357
0.179704016913319
0.168076109936575
0.159619450317125
0.1553911205074
0.153276955602537
0.154334038054968
0.157505285412262
0.160676532769556
0.167019027484144
0.174418604651163
0.182875264270613
0.191331923890063
0.201902748414376
0.202959830866808
0.204016913319239
0.206131078224101
0.193446088794926
0.184989429175476
0.178646934460888
0.174418604651163
0.16384778012685
0.159619450317125
0.157505285412262
0.153276955602537
0.1553911205074
0.154334038054968
0.157505285412262
0.161733615221987
0.160676532769556
0.160676532769556
0.161733615221987
0.16384778012685
0.160676532769556
0.160676532769556
0.162790697674419
0.165961945031712
0.169133192389006
0.173361522198731
0.175475687103594
0.176532769556025
0.178646934460888
0.179704016913319
0.179704016913319
0.165961945031712
0.1553911205074
0.146934460887949
0.140591966173362
0.135306553911205
0.130021141649049
0.123678646934461
0.120507399577167
0.119450317124736
0.12262156448203
0.124735729386892
0.13107822410148
0.136363636363636
0.136363636363636
0.132135306553911
0.130021141649049
0.130021141649049
0.13107822410148
0.134249471458774
0.137420718816068
0.130021141649049
0.130021141649049
0.120507399577167
0.114164904862579
0.109936575052854
0.108879492600423
0.108879492600423
0.110993657505285
0.112050739957717
0.118393234672304
0.124735729386892
0.132135306553911
0.132135306553911
0.124735729386892
0.119450317124736
0.117336152219873
0.117336152219873
0.118393234672304
0.12262156448203
0.125792811839323
0.127906976744186
0.128964059196617
0.12262156448203
0.116279069767442
0.112050739957717
0.109936575052854
0.108879492600423
0.109936575052854
0.112050739957717
0.112050739957717
0.105708245243129
0.100422832980973
0.0961945031712474
0.0930232558139535
0.0919661733615222
0.0930232558139535
0.0940803382663848
0.0887949260042283
0.0835095137420719
0.080338266384778
0.0782241014799154
0.0761099365750529
0.0761099365750529
0.0761099365750529
0.0782241014799154
0.0750528541226216
0.0739957716701903
0.06553911205074
0.0591966173361522
0.0528541226215645
0.0486257928118393
0.0454545454545455
0.0443974630021142
0.0422832980972516
0.0422832980972516
0.0422832980972516
0.0422832980972516
0.0391120507399577
0.03276955602537
0.0285412262156448
0.0243128964059197
0.0232558139534884
0.0232558139534884
0.0221987315010571
0.0221987315010571
0.0221987315010571
0.0221987315010571
0.0200845665961945
0.0200845665961945
0.0200845665961945
0.0179704016913319
0.0169133192389006
0.0169133192389006
0.0147991543340381
0.0137420718816068
0.0126849894291755
0.0116279069767442
0.0116279069767442
0.0116279069767442
0.0116279069767442
0.0116279069767442
0.0105708245243129
0.00951374207188161
0.00951374207188161
0.00845665961945032
0.00739957716701903
0.00739957716701903
0.00634249471458774
0.00634249471458774
0.00528541226215645
0.00528541226215645
0.00422832980972516
0.00422832980972516
0.00317124735729387
0.00317124735729387
0.00211416490486258
0.00211416490486258
0.00105708245243129
0.00105708245243129
0
0
0
0
0
0
0
0
0
0
0
0
0
0
0
0
0
0
0
0
0
0
0
0
0
0
0
0.00105708245243129
0.00317124735729387
0.00634249471458774
0.0105708245243129
0.0158562367864693
0.0221987315010571
0.0295983086680761
0.0380549682875264
0.047568710359408
0.0581395348837209
0.0697674418604651
0.0813953488372093
0.0940803382663848
0.107822410147992
0.12262156448203
0.138477801268499
0.154334038054968
0.171247357293869
0.18816067653277
0.206131078224101
0.225158562367865
0.244186046511628
0.263213530655391
0.283298097251586
0.304439746300211
0.325581395348837
0.347780126849894
0.369978858350951
0.392177589852008
0.413319238900634
0.433403805496829
0.455602536997886
0.476744186046512
0.497885835095137
0.520084566596195
0.540169133192389
0.559196617336152
0.578224101479915
0.596194503171247
0.614164904862579
0.632135306553911
0.651162790697674
0.669133192389006
0.640591966173362
0.613107822410148
0.585623678646934
0.560253699788584
0.534883720930233
0.513742071881607
0.504228329809725
0.485200845665962
0.463002114164905
0.443974630021142
0.433403805496829
0.412262156448203
0.389006342494715
0.373150105708245
0.363636363636364
0.341437632135307
0.326638477801268
0.319238900634249
0.308668076109937
0.289640591966173
0.278012684989429
0.27061310782241
0.266384778012685
0.264270613107822
0.26215644820296
0.26215644820296
0.260042283298097
0.264270613107822
0.260042283298097
0.256871035940803
0.24630021141649
0.245243128964059
0.243128964059197
0.241014799154334
0.243128964059197
0.251585623678647
0.23784355179704
0.225158562367865
0.228329809725159
0.218816067653277
0.218816067653277
0.214587737843552
0.212473572938689
0.214587737843552
0.213530655391121
0.213530655391121
0.18816067653277
0.18816067653277
0.186046511627907
0.187103594080338
0.174418604651163
0.16384778012685
0.158562367864693
0.151162790697674
0.137420718816068
0.13107822410148
0.120507399577167
0.114164904862579
0.110993657505285
0.109936575052854
0.0972515856236787
0.0972515856236787
0.0866807610993657
0.0813953488372093
0.072938689217759
0.0718816067653277
0.0708245243128964
0.0697674418604651
0.06553911205074
0.0665961945031713
0.0644820295983087
0.0591966173361522
0.0570824524312896
0.0560253699788584
0.0539112050739958
0.0539112050739958
0.0539112050739958
0.0517970401691332
0.0539112050739958
0.0581395348837209
0.0613107822410148
0.06553911205074
0.0687103594080338
0.0761099365750529
0.0761099365750529
0.0782241014799154
0.080338266384778
0.0835095137420719
0.0813953488372093
0.0835095137420719
0.0835095137420719
0.0866807610993657
0.0919661733615222
0.0951374207188161
0.100422832980973
0.100422832980973
0.103594080338266
0.107822410147992
0.113107822410148
0.117336152219873
0.124735729386892
0.128964059196617
0.132135306553911
0.137420718816068
0.143763213530655
0.151162790697674
0.157505285412262
0.162790697674419
0.168076109936575
0.173361522198731
0.173361522198731
0.170190274841438
0.169133192389006
0.169133192389006
0.173361522198731
0.162790697674419
0.162790697674419
0.165961945031712
0.157505285412262
0.151162790697674
0.142706131078224
0.13953488372093
0.136363636363636
0.134249471458774
0.133192389006343
0.134249471458774
0.133192389006343
0.133192389006343
0.126849894291755
0.125792811839323
0.126849894291755
0.12262156448203
0.119450317124736
0.116279069767442
0.115221987315011
0.113107822410148
0.113107822410148
0.113107822410148
0.10676532769556
0.0951374207188161
0.0856236786469345
0.0771670190274841
0.0708245243128964
0.0634249471458774
0.0560253699788584
0.0517970401691332
0.0454545454545455
0.0454545454545455
0.0465116279069767
0.0486257928118393
0.0507399577167019
0.0539112050739958
0.0581395348837209
0.0634249471458774
0.0665961945031713
0.0708245243128964
0.0750528541226216
0.0792811839323467
0.0835095137420719
0.0856236786469345
0.0898520084566596
0.0972515856236787
0.103594080338266
0.107822410147992
0.114164904862579
0.121564482029598
0.125792811839323
0.132135306553911
0.138477801268499
0.144820295983087
0.151162790697674
0.149048625792812
0.146934460887949
0.146934460887949
0.149048625792812
0.153276955602537
0.158562367864693
0.162790697674419
0.165961945031712
0.167019027484144
0.169133192389006
0.1723044397463
0.1723044397463
0.175475687103594
0.177589852008457
0.179704016913319
0.181818181818182
0.183932346723044
0.186046511627907
0.18816067653277
0.142706131078224
0.134249471458774
0.135306553911205
0.135306553911205
0.133192389006343
0.135306553911205
0.120507399577167
0.116279069767442
0.114164904862579
0.101479915433404
0.0930232558139535
0.0835095137420719
0.0739957716701903
0.0676532769556025
0.0634249471458774
0.0623678646934461
0.0570824524312896
0.0560253699788584
0.0549682875264271
0.0560253699788584
0.0517970401691332
0.0496828752642706
0.0465116279069767
0.0443974630021142
0.0412262156448203
0.040169133192389
0.0380549682875264
0.0369978858350951
0.0359408033826638
0.0369978858350951
0.0369978858350951
0.0380549682875264
0.0369978858350951
0.0369978858350951
0.0369978858350951
0.0369978858350951
0.0348837209302326
0.0348837209302326
0.0348837209302326
0.0348837209302326
0.0348837209302326
0.0348837209302326
0.0348837209302326
0.0348837209302326
0.0295983086680761
0.025369978858351
0.0221987315010571
0.0200845665961945
0.0200845665961945
0.0200845665961945
0.0169133192389006
0.0147991543340381
0.0137420718816068
0.0137420718816068
0.0116279069767442
0.0116279069767442
0.0116279069767442
0.00951374207188161
0.00845665961945032
0.00845665961945032
0.00739957716701903
0.00739957716701903
0.00634249471458774
0.00634249471458774
0.00528541226215645
0.00528541226215645
0.00422832980972516
0.00422832980972516
0.00317124735729387
0.00317124735729387
0.00211416490486258
0.00211416490486258
0.00105708245243129
0.00105708245243129
0
0
0
0
0
0
0
0
0
0
0
0
0
0
0
0
0
0
0
0
0
0
0
0
0
0
0
0
0
0
0
0
0
