"x"
108
1685
1506
1667
1657
991
1451
1535
3279
3264
3246
1727
3223
2765
3058
2884
2823
3165
2679
2761
3012
1643
3362
3000
2694
2942
3021
2969
3259
3206
3180
1759
1675
2678
1172
1141
2904
2689
1174
3202
3102
3077
2834
3351
3186
3412
3117
3151
3061
2743
2720
2662
3133
3397
3333
3083
3281
2779
2829
3321
3153
3348
3435
3183
3292
3398
2938
3116
3052
2794
3036
2850
3331
3352
2974
3253
3050
2675
2940
2864
2870
2992
3248
3278
3298
3170
3382
3268
3240
3103
3147
3345
3121
2993
2854
3114
3420
3417
3022
3266
3336
2782
3071
2971
2766
3207
2771
3146
2797
3392
3317
2902
3107
3039
3173
3379
3199
2895
3356
2937
2717
2754
2749
3241
2990
3407
3322
3205
3289
2713
3155
2905
3018
3225
3346
3387
3361
2721
3141
3262
2876
3300
3343
3354
2952
3189
2781
3090
2951
3303
3275
3273
3297
3028
2977
3112
3404
3423
3288
3299
2824
2673
3080
2709
3006
2666
2786
3213
3161
2788
2915
2685
2702
2798
3047
3261
3171
3263
2734
2959
3378
2882
2841
3119
3035
3003
3073
3254
3226
3215
3098
2922
3320
3040
3137
2731
3017
3386
2997
3192
2784
3149
3020
2663
2846
3367
3328
3108
3314
2872
3088
2676
3396
2956
3257
2933
3220
2719
3204
2769
2985
3370
3197
2759
2725
3234
3101
3366
2845
2752
2773
3342
2847
3042
3210
3014
2688
3163
3078
3256
3188
2844
3265
2866
2716
3338
3260
3200
2687
3169
3178
3416
3019
3296
3413
3087
3347
3380
3208
2729
2712
2714
2893
3008
2831
3332
2740
3063
2830
3307
2776
2738
3274
3002
3177
3286
3224
3033
3357
1406
2833
3125
3216
2820
3187
3421
2919
3237
2703
3190
2860
3076
2780
3290
3110
2669
3381
3118
2691
2939
3104
3277
3422
2813
3010
3280
3242
3360
2948
3195
3193
3276
2785
2871
2763
3249
3222
2837
2842
2947
3212
2826
3394
2814
2804
3168
3069
2735
2849
3082
3179
2796
3432
2869
2668
3308
2736
2697
2832
3405
3172
2935
2966
3044
3111
3094
3358
3139
3313
3051
3070
3341
3411
3372
2996
3059
3330
2857
2980
3410
3243
2965
3327
3152
3174
3211
3329
3374
2683
2924
2859
2708
3158
3209
3049
3375
3250
2748
2991
3353
3145
2877
3025
2728
3344
2745
3157
2848
3113
2963
2698
3245
3247
2821
3293
3384
2724
2955
3191
3068
2819
2701
2710
3255
2958
3282
3350
2817
2879
2901
3368
1420
2772
2686
3062
2792
3359
2802
2803
2883
3016
3089
3100
3134
3419
2760
3403
3406
2827
2943
2791
2805
3335
2896
2726
3236
3305
3309
2899
3198
3267
3399
2753
2812
3095
3166
3324
3425
3160
2894
3390
3162
3176
3218
3371
3433
2695
2840
3034
2917
2926
2914
3175
3364
2677
3427
2967
2878
2987
3079
2670
2907
2911
2867
2755
2783
2756
2665
3227
3196
3349
3023
2873
3097
3285
3065
3233
2758
3055
2828
3388
2912
3150
3109
2961
2778
2751
2699
2986
3340
2906
3099
2718
3041
2667
2816
3143
2910
2921
2945
2928
2957
2913
2801
2970
2920
3057
2941
2868
2865
2787
2944
2898
3066
2690
2881
2680
2929
3091
3027
3001
3325
2916
3418
3048
2891
2975
2681
2750
3005
2707
3105
3363
2863
3086
3185
2874
2764
3120
2739
2989
2995
3434
3074
2836
3085
2811
3221
2684
2774
3294
2897
2742
2994
2946
3030
3365
2730
3385
2930
2932
3436
2682
2744
3159
3015
2757
3400
2875
3239
2925
3302
3251
3026
3258
2807
3053
2888
2954
3229
2851
3130
2978
3136
2908
3167
3115
3138
3037
3214
3401
3124
2909
3244
3024
2706
2988
2732
2855
2674
3304
2746
3235
3164
3238
2762
3194
2892
3391
2982
3287
3395
3295
3011
2968
3081
2949
2918
3415
3043
2795
3431
2747
3316
3232
2664
2808
2979
2852
3140
2790
2889
2810
2727
3301
3393
3096
3230
2838
2711
3131
2770
2767
2822
2696
2853
3093
3203
2962
3154
3389
3031
3429
3270
3318
3334
3437
3046
2900
1370
1318
1166
1562
1099
992
974
1884
1591
1836
1313
947
1273
1847
1256
1468
1353
1377
1421
1510
968
1306
1889
1801
1664
1432
1585
1590
1560
1731
1769
1127
1613
1622
1147
1330
1834
1715
1614
1392
1186
1523
1604
1378
1555
994
1828
1623
1517
1800
1521
1747
1060
1670
1200
1270
1762
1805
1824
948
1368
1391
1400
1212
1079
1472
922
1552
1758
1609
1736
926
1087
1558
1751
1185
1077
1492
1268
1663
1618
1708
1718
981
1684
1644
1564
1611
1794
1737
1880
1080
1690
1840
1814
1018
917
979
1251
1336
1722
1598
1531
1792
1292
953
1005
1753
1303
1150
1231
1342
1133
1850
1223
1108
1332
1868
1362
1548
1669
935
1176
1903
1244
1007
1817
1102
1843
1173
1154
1887
967
1417
1457
1118
1239
1599
1489
1126
1666
1331
1605
1257
1448
1125
1676
1571
1192
1869
1811
1624
1371
1827
1129
1601
1182
1340
1620
1713
1790
1164
1215
1290
1810
1742
954
1199
1865
1084
961
1157
1272
1289
1899
1381
1686
1206
1606
1796
1621
1049
1450
1025
998
1410
1638
1484
1004
1243
1481
1653
1540
1820
1633
1000
1862
1345
1581
1389
1754
1846
1027
1335
1738
1660
1291
1610
1161
1403
1654
1352
1288
1324
1360
1797
1208
1281
1539
1892
1050
907
1376
1689
1210
928
1640
1615
1029
1076
1183
1645
1341
1878
983
1136
1131
1471
1041
1458
1766
1529
1812
1048
1783
1124
1057
1773
1030
984
1202
1536
1337
1543
933
1572
898
1111
1524
1725
996
1113
1075
1220
1755
1286
1724
1723
1294
1055
1735
1093
1390
1438
1394
1196
1181
1541
1514
1069
1833
1461
1366
1486
960
1573
1399
1525
527
1844
1533
1852
1518
1408
1864
1279
1775
1266
1520
1719
1328
1436
1117
1459
1040
1165
1822
1703
923
1910
1627
1557
1912
1770
1197
1837
1901
1554
1064
1440
1441
1485
927
973
1070
1619
1806
1772
1092
1859
1322
1284
1853
1781
1338
1502
1701
1162
1085
1711
1595
1818
1488
914
969
485
1886
1882
1498
1218
1898
1819
1875
1808
1780
952
1659
1647
1679
1151
607
1053
1344
1445
1631
1537
1474
1570
1259
1700
1367
1526
1160
1184
1739
918
1071
1704
1052
1473
1339
1877
1710
1276
945
1505
1261
1356
1687
1635
1226
1497
1483
925
1189
1300
1311
1237
1168
1470
1501
1305
1634
1726
1771
1038
1260
1784
1530
1011
1132
1042
1247
1012
1110
1728
1437
1795
1190
1349
1542
1508
1625
390
1227
1416
1682
1905
1073
1122
950
1429
1816
978
1307
1907
1140
1312
1107
1786
1222
1297
1668
965
1036
1673
1419
1167
1782
1063
1848
1229
1309
1142
1170
1746
1171
1413
1550
1214
941
1651
1153
966
1870
1374
484
1829
638
1428
995
1002
1358
1081
1238
652
1575
354
1359
1013
367
1693
1156
364
567
1845
1321
1617
581
1883
476
1646
1123
1180
1674
1375
937
1768
518
539
377
642
1350
1779
1115
429
1741
1745
1678
1114
1301
1515
1314
1513
931
1319
1566
1211
1607
1447
1409
1333
1767
1879
1544
949
1764
1143
916
1546
1696
1680
1871
1695
1791
1426
1026
1626
977
1774
1802
1661
1465
1401
1672
1096
1295
963
1832
1224
1527
560
349
493
374
514
401
498
562
379
437
432
415
413
525
516
392
501
507
515
418
439
466
526
375
545
592
554
371
396
508
462
543
424
568
528
403
461
564
457
521
504
433
393
670
420
494
409
538
546
431
440
524
497
405
445
388
557
421
483
361
389
605
488
684
615
472
395
480
435
512
489
410
369
399
513
453
646
452
474
561
464
571
423
398
446
602
558
416
496
422
353
537
495
417
549
505
556
368
356
566
459
419
677
456
547
548
532
511
559
463
376
1430
520
397
482
355
490
360
451
404
362
475
363
426
427
1398
1454
1744
1911
544
351
447
414
906
522
570
1274
1248
1576
915
1730
1033
1895
1503
1205
1787
1894
1872
1516
1015
1067
1283
1743
1662
1821
955
1304
943
1021
1825
1100
1397
1262
1496
1455
1103
1813
1109
897
1752
1278
1325
1019
1383
985
1583
1246
1282
1310
1733
1849
1509
1596
899
1452
1317
1105
1592
942
1236
970
1407
1639
1193
1707
920
1460
1216
1082
1574
1348
1476
1228
1650
1584
1346
1159
1480
972
1637
1068
1323
1232
1612
1629
1900
1597
1022
1858
1427
1449
1463
1424
1299
958
1061
1149
1716
1285
1692
1717
1010
1414
1020
1037
1101
1681
1588
1577
976
1405
1083
1258
1293
1130
1121
1380
982
903
1863
1873
1656
1433
1842
1721
1648
1860
1280
1230
989
1874
1191
1316
1904
1683
1393
1116
1551
1579
1016
1439
990
1636
1351
1885
1729
1908
597
1045
1876
1382
1593
1765
1504
1851
934
1705
1287
1490
1242
1482
1831
1213
1065
540
1532
1008
471
1757
1043
1250
1386
1144
373
411
1006
1740
908
1749
1128
1567
932
1357
1479
1830
940
1235
635
441
509
1090
1423
1902
1493
383
536
1603
1854
529
408
491
647
443
370
470
1365
1402
987
1888
1578
1861
921
1078
1466
1091
1245
944
1750
1014
1528
492
503
630
1095
1343
1412
1464
1586
1001
1435
1565
1442
1545
1056
1809
1267
1823
1906
1051
569
406
542
975
1135
1671
434
450
588
1240
1444
1361
1086
1556
1688
1807
1568
1594
1867
909
1512
1275
1308
1589
1137
1826
1706
1804
1188
1720
1422
1495
1616
1434
1699
1411
1145
1329
1175
1326
1034
971
1677
901
1538
1519
1252
1642
1089
1179
951
1062
1709
1909
929
1372
962
1385
1697
523
1269
1600
430
1074
1815
467
530
999
1094
1155
1221
1446
1024
1478
1491
1632
386
1009
1104
1415
1462
1507
1698
1776
1866
631
610
621
1788
654
679
655
593
645
667
580
637
681
574
620
618
598
619
686
606
678
599
590
626
685
604
612
624
665
613
634
591
589
627
576
617
623
585
683
640
632
575
664
673
458
517
519
358
555
478
425
552
487
510
506
382
381
436
460
1198
541
924
1163
1732
1204
1249
1641
1841
587
622
680
936
986
1373
1046
428
913
1194
1388
172
479
535
481
658
938
1059
1553
366
391
656
1152
1169
1264
1302
1499
1522
1760
1793
1856
1913
1534
1549
1734
1838
1896
1217
904
1453
964
993
1098
1119
902
1799
1334
1379
1602
1881
1469
1233
1569
939
1320
1138
1494
1649
959
1315
1748
1630
1364
1187
1785
1425
1803
1893
1178
2934
2998
2936
2950
2984
3013
3064
3029
3156
3369
3067
3084
3129
2887
2806
3127
3323
3337
59
910
1890
1044
1789
1031
956
1369
1112
1563
1897
1139
1054
1500
1219
957
980
1017
1404
3426
2927
3339
3428
3377
3402
1203
550
1088
1655
1702
534
988
1255
1298
1839
3045
2885
3271
350
372
486
563
594
611
672
930
1039
1148
1347
1355
1418
1456
1477
1487
1580
1778
2693
2737
2981
3060
3228
3306
3311
3430
2544
2112
2200
2082
2008
2329
2599
2055
2284
2290
2334
2088
2283
2188
2033
1946
2154
2511
2556
2150
2630
2643
2248
2197
2644
2385
2337
2462
2072
2303
2126
2029
2048
2134
2293
2139
2103
2472
2352
2053
2184
2225
1921
1949
2464
2492
2195
2348
2069
2280
2320
2242
2593
2568
2040
1942
2149
2118
2534
1933
2333
2339
2373
2043
2512
2598
2650
2181
2192
2054
2136
2421
2510
2073
1960
2224
1927
2128
2399
2509
2135
2170
2251
2583
2175
2328
2295
1941
2452
2437
2269
2618
2039
1956
2145
2190
2617
2204
2247
2476
1948
2459
2589
2345
2152
2011
2177
2513
2274
2420
2499
2144
2517
2344
2255
137
2609
2027
2378
2590
2654
2316
2003
1955
2129
1917
2268
2595
2369
2395
2446
2400
2538
2133
2265
2473
2435
1995
2466
1940
2162
2418
2199
2305
2286
2294
2548
2610
2102
2331
2063
2397
2216
1971
2233
2236
2281
2439
2502
2604
2244
2386
1982
2260
2138
2240
2326
2653
2391
2004
2076
2480
2474
2519
2111
2416
2223
2469
2058
2222
2275
2368
2503
1988
2520
1965
2346
2227
2156
1986
1924
2164
2380
2545
2032
2212
2530
2572
2433
2611
2531
2210
2243
2526
2146
2638
2417
2319
2426
2030
2297
2367
2558
2296
2323
2407
2613
2273
2363
1945
2481
2142
2311
2497
2356
2567
2097
2086
2066
2636
2234
2267
2143
2561
2209
2250
2314
2582
2325
2543
2279
2230
2527
2041
2612
2396
2552
2411
2079
2241
1984
2310
2132
2603
2605
2151
2429
2185
2070
2551
2522
2207
2219
1994
2465
2508
2245
2089
2341
1947
2602
1939
2091
2031
2587
2616
2104
2355
2349
2124
2370
2591
2074
2221
2608
2060
2202
2119
2565
1985
2140
1967
2579
2173
1944
2332
1963
2065
2276
2594
2415
2272
2094
2461
2109
2483
2021
2122
2189
1918
2625
2626
2105
2327
2410
2493
2382
2357
2560
2291
2377
1972
2125
2562
2574
2046
2324
2601
2501
2631
2375
2656
2364
2340
2639
2521
2309
2554
2141
2191
2044
2353
2550
2254
1980
2620
1930
2034
1919
2447
2371
2424
2075
2113
2155
2409
2655
2201
2277
2006
2038
2300
2405
2096
2434
2360
2505
2431
2308
2387
2258
2084
2470
2123
2213
1987
2540
2116
2064
2087
2486
1998
2547
2496
2110
2217
2468
2335
2576
2647
2624
2078
2262
2238
2557
2485
2166
2330
1954
1926
2085
2047
2419
2507
2580
2307
2478
2099
2632
2553
2564
2490
2533
2061
2214
2211
2301
2575
2057
2463
2592
2555
2180
2393
2165
2408
1964
1990
2354
2500
2430
2607
2137
2056
2479
2059
2288
2537
2392
2312
2259
2577
2388
2450
2148
2093
2022
2614
1943
2477
2068
2394
2304
2235
2351
2428
2045
2384
2289
2573
2215
2037
2020
2444
2642
2187
1953
2049
2186
2299
2606
2306
2117
2390
2532
1914
2401
2414
2313
2455
2271
2585
1983
2206
2523
2600
2541
2292
2263
2525
1973
2460
1974
2010
2019
2539
2641
1996
2379
2172
1952
2002
2025
2005
2448
2365
2028
2158
1999
2366
2646
2584
2338
1928
1981
2285
1992
2648
2649
2621
2658
2023
1915
1920
2007
2203
2160
2637
1936
2062
2226
2661
2628
1922
2012
2640
2193
2634
2660
2586
1932
1958
2098
1977
1969
2659
2347
2298
2000
2495
1959
2627
2001
2026
2436
2051
1929
2017
2013
2100
1951
2569
2127
1966
2454
2178
2015
2253
2362
2108
2092
2441
2198
1961
2372
2237
2232
2036
2449
2489
2318
2229
2629
2024
2130
2343
2090
2619
2050
1976
2398
2412
2645
2336
2475
2524
2083
2403
2147
2342
2174
2287
2498
2413
2571
2578
2121
2261
2161
2157
2120
2115
2163
2406
1931
2071
1991
2315
1937
2249
2535
2404
2504
1979
2588
2153
2182
1923
2456
2278
2657
2563
2615
2194
2358
2374
1935
2131
2425
2239
1916
1934
2361
2106
2159
2266
2317
2453
2014
2081
2167
2252
1978
2546
1950
2176
2183
1989
2208
2402
2623
2427
2171
2350
2487
2077
2514
2651
2445
2491
2321
1993
2516
2467
2256
2067
2515
2009
2257
2559
2218
2451
2052
2114
2633
2440
2549
2228
1925
2101
2376
2389
2494
2518
2581
2457
1975
2652
2359
2220
2231
2506
1
174
35
650
2890
2042
2035
2322
1241
2018
2264
2529
2622
2432
1134
1665
473
1058
1608
1158
1265
1296
1443
1712
1798
2016
2423
3291
531
653
674
946
997
1023
1032
1201
1384
1475
1511
1652
1714
1763
1857
1938
1970
2442
2856
2886
2964
2972
3144
3319
3326
3310
2671
2704
2960
2973
3383
2880
3009
3315
3424
3284
2983
2700
3312
2835
2768
199
2536
2302
1962
2282
2488
1957
2246
2095
2168
2635
2422
438
533
499
407
595
2672
2722
2825
3092
454
465
911
1658
1777
2438
2205
167
203
385
553
468
573
1997
2566
2107
2839
3004
3122
449
500
572
657
661
668
900
1035
1253
1354
1363
1547
2169
2179
2381
2443
2482
2715
2723
2799
2809
2861
2923
2953
2999
3376
3414
3438
3831
3685
3634
3757
3852
3949
3496
3578
3502
3798
3693
3597
3457
3450
3587
3939
3678
3735
3449
3963
3842
3546
3675
3605
3626
3969
3652
3878
3874
3722
3526
3610
3944
3801
3972
3843
3887
3541
3694
3481
3751
3441
3619
3439
3657
3492
3612
3825
3967
3839
3885
3698
3927
3476
3673
3903
3805
3489
3931
3738
3515
3861
3577
3606
3791
3703
3688
3641
3859
3732
3529
3519
3558
3829
3543
3636
3731
3579
3528
3671
3472
3498
3708
3853
3668
3846
3643
3451
3914
3628
3560
3486
3832
3892
3574
3463
3786
3742
3684
3564
3763
3659
3453
3575
3890
863
3518
3551
3761
3781
3522
3485
3704
3930
3534
3513
3737
3789
3504
3945
3655
3833
3780
3557
3818
3941
3682
3527
3497
3873
3797
3521
3544
3935
3493
3604
3455
3548
3951
3622
3462
3713
3756
858
3881
3523
3593
3980
3889
3660
3611
3773
3848
3553
3862
3458
3723
3591
3456
3630
3506
3443
3554
3754
3600
3922
3729
3711
3714
3836
3868
3908
3741
3637
3706
3609
3863
3499
3616
3736
3803
3816
3716
3664
3851
3774
3471
3770
3779
3509
3699
3473
3686
3841
3483
3645
3599
3667
3877
3828
3748
3608
3937
3978
3629
3776
3549
3627
3917
3909
3661
3662
3971
3796
3806
3919
3934
3792
3501
3777
3479
3961
3810
3588
3921
3784
3656
3697
3968
3965
3642
3767
3665
3902
3562
3942
3478
3633
3721
3545
3638
3840
3505
3488
3552
3724
3531
3962
3567
3926
3566
3589
3620
3687
3766
3866
3898
3954
699
3618
3870
3681
3464
3925
3795
3827
3487
3823
3570
3794
3907
3715
3707
3901
3834
3871
3952
3592
3507
3594
3510
3948
3719
3585
3970
3559
3759
3712
3811
3897
3644
3910
3459
3494
3904
3977
3720
3649
3647
3621
3793
3856
3569
3787
3804
3783
3769
3932
3624
3469
3765
3819
3867
3691
3512
3602
3646
3556
3525
3530
3822
3928
3536
3826
3535
3500
3882
3830
3946
3461
3565
3739
3470
3465
3467
3957
3444
3916
3635
3555
3762
3511
3753
3973
3475
3603
3727
3631
3533
3938
3613
3460
3896
3623
3764
3785
3669
3824
3484
3516
3632
3778
3879
3615
3768
3771
3508
3959
3672
3573
3755
3844
3974
3584
3915
3601
3835
3540
3725
3860
3837
3894
3760
3958
3520
3838
3775
3572
3758
3466
3580
3709
3976
3477
3702
3676
3900
3905
3679
3891
3800
3653
3666
3490
3677
3695
3495
3674
3883
3911
3966
3979
3617
3639
3648
3440
3933
3717
3514
3849
3845
3953
3790
3924
3750
3752
3788
3654
3772
3445
3850
3743
3888
3538
866
869
3782
3947
3955
3468
3576
3583
3598
3690
3700
3734
3817
3929
3956
57
68
323
22
123
316
305
272
27
253
278
10
189
286
171
201
143
240
204
187
26
324
120
99
281
333
110
114
105
170
326
41
200
273
298
343
237
14
314
224
129
173
262
119
212
266
83
142
292
225
63
214
162
335
186
233
73
239
325
60
159
249
135
309
332
124
56
277
330
232
134
213
67
32
304
149
31
104
340
4
346
291
177
258
133
106
40
80
8
247
259
76
86
275
342
88
46
66
315
269
299
319
85
179
51
166
122
223
11
70
89
49
131
54
2
30
157
296
23
169
147
17
6
74
39
97
345
61
107
222
243
205
81
347
250
95
181
300
93
303
195
102
267
255
188
25
331
197
58
321
185
160
128
198
282
285
109
252
37
136
310
140
55
209
301
312
318
339
151
127
261
130
348
64
341
218
101
65
190
164
118
78
230
270
28
236
251
52
84
238
24
284
126
191
207
289
176
228
100
144
178
226
279
69
132
87
264
297
103
47
20
121
125
271
77
165
192
208
229
241
248
295
322
337
313
42
116
344
117
215
327
15
145
227
21
150
29
18
141
3
138
112
311
163
334
152
45
338
94
244
168
33
231
290
221
263
308
72
636
584
579
601
616
628
644
659
660
662
663
600
641
671
676
682
578
583
633
651
596
648
666
577
629
3539
3726
3744
3869
3474
3740
3913
3568
3596
3918
3875
3820
3893
3658
3542
3858
3872
3446
3663
3491
3550
3532
3547
3447
3864
3625
3815
3950
3683
3586
3680
3537
3581
3906
3895
3813
3442
3448
3807
3964
3728
3746
3607
3940
3812
3899
3480
3563
3614
3650
3696
3884
3482
3517
3640
3524
3920
3582
3595
3503
3670
3701
3814
3865
3912
3106
2976
3142
3201
3054
3123
3219
3355
2862
2800
3217
2777
3272
365
565
400
442
502
394
477
352
455
3252
90
320
7
96
148
220
328
2733
2931
3132
3181
3182
2903
3373
872
871
882
880
896
859
867
895
1891
153
5
182
276
79
196
219
274
307
329
193
246
9
92
260
111
265
194
202
62
50
175
113
294
1003
1106
1209
1195
2528
82
98
156
158
183
254
302
357
412
384
387
905
1028
1628
1047
1587
1072
1254
1694
1761
2484
2596
3561
3692
3718
3745
3802
36
48
53
71
139
154
155
161
184
206
217
235
242
256
268
280
287
306
317
378
380
402
444
469
649
861
1066
1177
1225
1234
1263
1271
1277
1327
1395
1396
1431
1559
1691
1756
1855
1968
2383
2542
2705
2741
2789
2815
2858
3007
3126
3135
3283
3409
3590
3689
3705
3733
3808
3809
3855
3876
3880
3886
3923
3943
3960
687
829
714
806
720
746
748
824
831
698
801
706
695
782
828
835
753
811
854
825
725
843
774
785
727
761
767
732
816
696
689
775
697
821
830
848
781
820
707
755
841
709
815
728
739
712
704
846
702
857
729
850
740
688
719
839
765
793
808
773
788
818
798
735
771
849
778
780
836
710
749
759
784
794
756
810
742
804
721
731
738
779
832
723
766
845
694
844
796
795
763
838
752
764
717
724
837
800
827
716
757
770
754
760
691
809
822
711
762
813
881
814
812
741
701
805
870
891
730
783
890
862
864
877
879
889
883
887
743
787
734
769
834
737
851
747
817
708
713
819
823
840
790
772
807
715
733
690
703
726
768
792
797
692
847
705
722
736
803
799
826
789
852
865
791
833
885
894
744
786
855
777
886
868
873
875
874
888
878
718
853
856
758
700
745
750
751
776
842
860
3981
4032
4012
3990
4039
4014
4024
4005
4021
4031
4015
3983
3999
3995
3998
4010
4022
3982
4020
4019
3987
4027
4018
4001
3996
3989
4003
4028
3986
3994
4004
4038
3997
3992
3993
4034
4000
4006
3984
4007
4029
4033
4035
4037
2775
3056
3075
3128
2818
3148
3991
4008
4017
4026
180
91
146
2692
2793
3038
34
43
234
257
245
283
582
643
3269
3408
3747
3847
3988
4013
4002
4030
12
13
16
19
38
44
75
115
210
211
216
288
293
336
359
448
551
586
603
608
609
614
625
639
669
675
693
802
876
884
892
893
912
919
1097
1120
1146
1207
1387
1467
1561
1582
1835
2080
2196
2270
2458
2471
2570
2597
2843
3032
3072
3184
3231
3452
3454
3571
3651
3710
3730
3749
3799
3821
3854
3857
3936
3975
3985
4009
4011
4016
4023
4025
4036
